-14.000	3.000	0.000
159.000	72.000	4.000
-611.000	-342.000	8.000
3057.000	2201.000	12.000
3818.000	1104.000	16.000
-1093.000	-3405.000	20.000
-2521.000	-2468.000	24.000
5741.000	7951.000	28.000
-16818.000	33659.000	32.000
-46995.000	8994.000	36.000
-84129.000	-186758.000	40.000
-26477.000	-494893.000	44.000
439673.000	-824759.000	48.000
1310561.000	-583702.000	52.000
1342874.000	401837.000	56.000
485160.000	803779.000	60.000
-156.000	0.000	64.000
116.000	-76.000	68.000
-289.000	178.000	72.000
1792.000	-1100.000	76.000
10682.000	1450.000	80.000
-23440.000	-18585.000	84.000
-23049.000	-6886.000	88.000
-54662.000	137.000	92.000
-70169.000	-17877.000	96.000
96067.000	-55706.000	100.000
42289.000	-98680.000	104.000
-127536.000	-482562.000	108.000
460466.000	-963440.000	112.000
1109935.000	-534457.000	116.000
1135425.000	288228.000	120.000
609119.000	570895.000	124.000
6.000	8.000	128.000
55.000	156.000	132.000
-125.000	-440.000	136.000
1302.000	1462.000	140.000
5654.000	6325.000	144.000
22468.000	-8078.000	148.000
17421.000	1000.000	152.000
-24095.000	15970.000	156.000
17759.000	52780.000	160.000
-65155.000	21610.000	164.000
-116953.000	-223158.000	168.000
17305.000	-470174.000	172.000
373181.000	-628518.000	176.000
932898.000	-366371.000	180.000
933597.000	196098.000	184.000
380703.000	500724.000	188.000
-10.000	-43.000	192.000
65.000	106.000	196.000
-486.000	-674.000	200.000
2002.000	3137.000	204.000
-634.000	1861.000	208.000
-2900.000	41669.000	212.000
-15351.000	53865.000	216.000
36992.000	-9754.000	220.000
54340.000	87797.000	224.000
-99485.000	84120.000	228.000
-117819.000	-178361.000	232.000
31972.000	-257697.000	236.000
262053.000	-379544.000	240.000
795620.000	-337201.000	244.000
842155.000	148586.000	248.000
269368.000	437898.000	252.000
-51.000	-28.000	256.000
-27.000	120.000	260.000
207.000	-286.000	264.000
-148.000	267.000	268.000
9590.000	3022.000	272.000
5651.000	-17281.000	276.000
3255.000	-5618.000	280.000
-6890.000	2855.000	284.000
17383.000	69225.000	288.000
-84839.000	95574.000	292.000
-173196.000	-136416.000	296.000
20605.000	-367802.000	300.000
361957.000	-368515.000	304.000
506022.000	-254421.000	308.000
657541.000	85024.000	312.000
447621.000	429299.000	316.000
30.000	31.000	320.000
-82.000	-321.000	324.000
341.000	1242.000	328.000
-559.000	-5803.000	332.000
-7811.000	-3203.000	336.000
17824.000	30350.000	340.000
3121.000	25376.000	344.000
489.000	-22378.000	348.000
36110.000	28768.000	352.000
-22896.000	38029.000	356.000
-191417.000	-83586.000	360.000
60238.000	-310753.000	364.000
339644.000	-254214.000	368.000
433647.000	-159116.000	372.000
503160.000	114092.000	376.000
283463.000	243104.000	380.000
3.000	-45.000	384.000
-110.000	1.000	388.000
467.000	115.000	392.000
-2475.000	-1200.000	396.000
3239.000	4758.000	400.000
18313.000	11285.000	404.000
4670.000	-6852.000	408.000
8291.000	-21553.000	412.000
51905.000	29340.000	416.000
-13953.000	135087.000	420.000
-65742.000	-32341.000	424.000
-4566.000	-189551.000	428.000
84584.000	-329830.000	432.000
365079.000	-254982.000	436.000
534843.000	109139.000	440.000
255426.000	453475.000	444.000
22.000	-31.000	448.000
87.000	106.000	452.000
-559.000	-273.000	456.000
2734.000	881.000	460.000
7587.000	6996.000	464.000
32068.000	-7760.000	468.000
24784.000	12994.000	472.000
-34978.000	10667.000	476.000
-45814.000	-27722.000	480.000
57748.000	3492.000	484.000
-7540.000	8030.000	488.000
-24371.000	-80648.000	492.000
99678.000	-226944.000	496.000
312864.000	-184937.000	500.000
398778.000	32901.000	504.000
159542.000	226186.000	508.000
54.000	7.000	512.000
-58.000	108.000	516.000
649.000	-345.000	520.000
-3514.000	2664.000	524.000
-9369.000	-1600.000	528.000
-28364.000	12307.000	532.000
-20708.000	-65.000	536.000
-1828.000	9478.000	540.000
7808.000	89412.000	544.000
6327.000	-1531.000	548.000
-3144.000	-18077.000	552.000
-1811.000	-81009.000	556.000
93306.000	-261817.000	560.000
260634.000	-132526.000	564.000
238536.000	55365.000	568.000
146318.000	188916.000	572.000
55.000	137.000	576.000
-256.000	-165.000	580.000
906.000	933.000	584.000
-5041.000	-4173.000	588.000
-4308.000	-6652.000	592.000
19186.000	-14076.000	596.000
31777.000	-18477.000	600.000
2653.000	12595.000	604.000
-29307.000	19655.000	608.000
-90833.000	26774.000	612.000
-67139.000	-59811.000	616.000
11563.000	-185665.000	620.000
199481.000	-183561.000	624.000
263152.000	-93773.000	628.000
261130.000	16177.000	632.000
154138.000	132518.000	636.000
-40.000	-47.000	640.000
32.000	89.000	644.000
-43.000	-178.000	648.000
-85.000	1801.000	652.000
10116.000	-804.000	656.000
-17142.000	-8558.000	660.000
714.000	-17138.000	664.000
22527.000	14920.000	668.000
-9814.000	119728.000	672.000
-57244.000	126464.000	676.000
-100085.000	-109221.000	680.000
56530.000	-177661.000	684.000
176553.000	-82298.000	688.000
196637.000	-43586.000	692.000
145422.000	125137.000	696.000
-16137.000	99134.000	700.000
25.000	10.000	704.000
-86.000	272.000	708.000
341.000	-1308.000	712.000
-2082.000	6281.000	716.000
-18157.000	118.000	720.000
-20833.000	4783.000	724.000
14197.000	-40846.000	728.000
21575.000	8003.000	732.000
-22273.000	-29607.000	736.000
-27534.000	31209.000	740.000
-63989.000	73054.000	744.000
-20274.000	-13415.000	748.000
103117.000	-119891.000	752.000
114735.000	-101528.000	756.000
99876.000	-9888.000	760.000
77887.000	142829.000	764.000
54.000	-43.000	768.000
-137.000	-52.000	772.000
722.000	43.000	776.000
-3470.000	-194.000	780.000
-9009.000	821.000	784.000
-4910.000	131.000	788.000
-9599.000	5426.000	792.000
-3759.000	368.000	796.000
-34247.000	-31080.000	800.000
-54908.000	32646.000	804.000
-107032.000	51001.000	808.000
-76892.000	-115249.000	812.000
104972.000	-93204.000	816.000
168538.000	102017.000	820.000
197896.000	118385.000	824.000
72504.000	16729.000	828.000
71.000	-19.000	832.000
-26.000	-20.000	836.000
319.000	83.000	840.000
-1130.000	-635.000	844.000
945.000	6342.000	848.000
-4185.000	-9964.000	852.000
-20271.000	-2623.000	856.000
-19196.000	-6173.000	860.000
3089.000	-50042.000	864.000
117195.000	39598.000	868.000
58855.000	-27062.000	872.000
13675.000	-91763.000	876.000
9698.000	-47751.000	880.000
87913.000	-17877.000	884.000
83367.000	-51577.000	888.000
129186.000	45644.000	892.000
74.000	-18.000	896.000
-248.000	39.000	900.000
1225.000	64.000	904.000
-5537.000	-380.000	908.000
-4621.000	1053.000	912.000
16947.000	-20891.000	916.000
22194.000	-4086.000	920.000
-18920.000	32841.000	924.000
-40376.000	-19613.000	928.000
21886.000	-101475.000	932.000
30018.000	-5072.000	936.000
-34430.000	-49482.000	940.000
159778.000	-120289.000	944.000
190629.000	-601.000	948.000
80061.000	82546.000	952.000
53594.000	61564.000	956.000
-43.000	-20.000	960.000
281.000	-87.000	964.000
-1137.000	295.000	968.000
6274.000	-510.000	972.000
2555.000	81.000	976.000
-32100.000	14546.000	980.000
-25769.000	13483.000	984.000
27961.000	343.000	988.000
13782.000	80926.000	992.000
-34909.000	-54739.000	996.000
110832.000	-127584.000	1000.000
53452.000	-8825.000	1004.000
-21728.000	-72419.000	1008.000
56473.000	-22487.000	1012.000
120428.000	64663.000	1016.000
35676.000	12667.000	1020.000
31.000	-9.000	1024.000
-34.000	-83.000	1028.000
264.000	111.000	1032.000
-891.000	-1505.000	1036.000
-5541.000	1223.000	1040.000
8028.000	11094.000	1044.000
-5645.000	20397.000	1048.000
20484.000	-9464.000	1052.000
29486.000	32589.000	1056.000
-56055.000	75137.000	1060.000
-71666.000	27079.000	1064.000
-30266.000	-69180.000	1068.000
142129.000	-51378.000	1072.000
100372.000	40263.000	1076.000
77699.000	39811.000	1080.000
-60915.000	56613.000	1084.000
51.000	24.000	1088.000
-219.000	-34.000	1092.000
1036.000	273.000	1096.000
-3625.000	-689.000	1100.000
-6156.000	4857.000	1104.000
30118.000	-17743.000	1108.000
34307.000	13582.000	1112.000
-28920.000	1203.000	1116.000
-120051.000	-60630.000	1120.000
15897.000	-108777.000	1124.000
11500.000	113790.000	1128.000
-148548.000	-15343.000	1132.000
46215.000	-91002.000	1136.000
108514.000	-27789.000	1140.000
-13293.000	11639.000	1144.000
42618.000	-20346.000	1148.000
9.000	35.000	1152.000
-135.000	-21.000	1156.000
779.000	6.000	1160.000
-3806.000	-22.000	1164.000
-5460.000	-4211.000	1168.000
-5028.000	-4717.000	1172.000
20713.000	-3835.000	1176.000
-6293.000	18325.000	1180.000
26522.000	-36403.000	1184.000
-42970.000	-29009.000	1188.000
-55456.000	-32825.000	1192.000
11265.000	-5890.000	1196.000
9457.000	68479.000	1200.000
-44820.000	67515.000	1204.000
52725.000	-51947.000	1208.000
103068.000	-20976.000	1212.000
-10.000	-8.000	1216.000
57.000	-242.000	1220.000
-227.000	903.000	1224.000
1519.000	-4964.000	1228.000
4806.000	2665.000	1232.000
21999.000	37004.000	1236.000
-463.000	41994.000	1240.000
11851.000	-21601.000	1244.000
42887.000	53255.000	1248.000
-41284.000	38558.000	1252.000
-49129.000	-161649.000	1256.000
134405.000	-149697.000	1260.000
58045.000	28951.000	1264.000
-137764.000	47381.000	1268.000
52868.000	-13760.000	1272.000
60527.000	64094.000	1276.000
-26.000	8.000	1280.000
67.000	-159.000	1284.000
-116.000	536.000	1288.000
722.000	-2743.000	1292.000
2483.000	-9055.000	1296.000
-22318.000	5077.000	1300.000
-12634.000	9221.000	1304.000
13477.000	43230.000	1308.000
-37212.000	-8340.000	1312.000
-91630.000	-150869.000	1316.000
39780.000	-75498.000	1320.000
36463.000	111371.000	1324.000
-84754.000	45413.000	1328.000
51792.000	8784.000	1332.000
68847.000	33287.000	1336.000
98323.000	-22571.000	1340.000
-31.000	45.000	1344.000
157.000	-179.000	1348.000
-567.000	911.000	1352.000
3168.000	-4114.000	1356.000
8190.000	1275.000	1360.000
-10774.000	8849.000	1364.000
-32397.000	3283.000	1368.000
13096.000	-14562.000	1372.000
-5810.000	22315.000	1376.000
55302.000	35197.000	1380.000
-27475.000	18939.000	1384.000
25306.000	-58002.000	1388.000
14586.000	-5858.000	1392.000
-71387.000	-68645.000	1396.000
41020.000	-25149.000	1400.000
17018.000	52317.000	1404.000
-80.000	9.000	1408.000
140.000	-100.000	1412.000
-732.000	534.000	1416.000
3161.000	-2883.000	1420.000
15248.000	-4079.000	1424.000
3901.000	-26648.000	1428.000
1298.000	-1755.000	1432.000
-40033.000	5382.000	1436.000
-63083.000	-67933.000	1440.000
8423.000	-103234.000	1444.000
59725.000	41290.000	1448.000
4431.000	83410.000	1452.000
-43861.000	76985.000	1456.000
-41543.000	6994.000	1460.000
116872.000	-4797.000	1464.000
70050.000	67954.000	1468.000
-23.000	-52.000	1472.000
32.000	54.000	1476.000
-12.000	-127.000	1480.000
-834.000	303.000	1484.000
12036.000	3202.000	1488.000
-25854.000	-5097.000	1492.000
-14092.000	-2223.000	1496.000
2156.000	15007.000	1500.000
12333.000	37940.000	1504.000
-44339.000	17231.000	1508.000
32611.000	-24517.000	1512.000
51806.000	-9763.000	1516.000
-116625.000	-12193.000	1520.000
1755.000	-138007.000	1524.000
191242.000	-5807.000	1528.000
12840.000	228170.000	1532.000
-21.000	26.000	1536.000
166.000	-58.000	1540.000
-1055.000	604.000	1544.000
5504.000	-3163.000	1548.000
5312.000	7227.000	1552.000
27237.000	-22361.000	1556.000
24571.000	-15838.000	1560.000
-16352.000	-7172.000	1564.000
-50254.000	-1865.000	1568.000
-47509.000	-15658.000	1572.000
21484.000	-72122.000	1576.000
65969.000	-8718.000	1580.000
-5089.000	158842.000	1584.000
-174465.000	70108.000	1588.000
55427.000	-129494.000	1592.000
206406.000	24483.000	1596.000
-23.000	38.000	1600.000
-133.000	-154.000	1604.000
687.000	1158.000	1608.000
-3673.000	-5339.000	1612.000
-3217.000	273.000	1616.000
4835.000	1605.000	1620.000
-3927.000	-10471.000	1624.000
-8150.000	11750.000	1628.000
9938.000	19354.000	1632.000
-19984.000	-64170.000	1636.000
4900.000	-67305.000	1640.000
39868.000	49750.000	1644.000
-8179.000	40078.000	1648.000
18966.000	-40477.000	1652.000
18772.000	-36493.000	1656.000
3060.000	55877.000	1660.000
-25.000	-19.000	1664.000
-35.000	173.000	1668.000
259.000	-632.000	1672.000
-1804.000	2758.000	1676.000
2658.000	2588.000	1680.000
-9720.000	-14773.000	1684.000
-6806.000	-17150.000	1688.000
19932.000	-25610.000	1692.000
96353.000	-27317.000	1696.000
79868.000	149012.000	1700.000
-80926.000	43410.000	1704.000
-2776.000	-147336.000	1708.000
157419.000	-28943.000	1712.000
-32158.000	98408.000	1716.000
3670.000	-46798.000	1720.000
28038.000	-44716.000	1724.000
-24.000	-24.000	1728.000
43.000	-3.000	1732.000
-346.000	5.000	1736.000
1981.000	-249.000	1740.000
3588.000	4683.000	1744.000
11322.000	18967.000	1748.000
-5926.000	10184.000	1752.000
-9643.000	-12757.000	1756.000
4677.000	-52487.000	1760.000
54494.000	35508.000	1764.000
-89858.000	33762.000	1768.000
-67953.000	-70164.000	1772.000
23162.000	-53250.000	1776.000
-32812.000	-4042.000	1780.000
-21658.000	750.000	1784.000
67305.000	43604.000	1788.000
20.000	46.000	1792.000
95.000	1.000	1796.000
-328.000	-24.000	1800.000
1682.000	629.000	1804.000
-1138.000	-3282.000	1808.000
-7448.000	16710.000	1812.000
-10185.000	-5322.000	1816.000
12156.000	-7034.000	1820.000
-35768.000	-6249.000	1824.000
-60906.000	-35212.000	1828.000
73454.000	5099.000	1832.000
-18232.000	120258.000	1836.000
-21208.000	-33458.000	1840.000
119842.000	-34651.000	1844.000
19435.000	11555.000	1848.000
-111859.000	19406.000	1852.000
-30.000	43.000	1856.000
137.000	-170.000	1860.000
-487.000	891.000	1864.000
2021.000	-4482.000	1868.000
9199.000	3891.000	1872.000
11983.000	-15110.000	1876.000
1797.000	-17971.000	1880.000
-42114.000	-4503.000	1884.000
-8774.000	-73576.000	1888.000
145328.000	88951.000	1892.000
-95281.000	78379.000	1896.000
-66636.000	-194032.000	1900.000
108948.000	-22057.000	1904.000
-62124.000	153921.000	1908.000
-156545.000	-69665.000	1912.000
117669.000	-62368.000	1916.000
52.000	27.000	1920.000
-116.000	-52.000	1924.000
597.000	222.000	1928.000
-3130.000	-1275.000	1932.000
-7828.000	-8575.000	1936.000
-6371.000	-5355.000	1940.000
5741.000	-21781.000	1944.000
-12121.000	6901.000	1948.000
7835.000	-47225.000	1952.000
66781.000	2549.000	1956.000
-13805.000	11012.000	1960.000
-31318.000	-83735.000	1964.000
33701.000	63089.000	1968.000
6971.000	132561.000	1972.000
-123184.000	-92504.000	1976.000
85867.000	-125582.000	1980.000
29.000	35.000	1984.000
113.000	-72.000	1988.000
-249.000	366.000	1992.000
1094.000	-2330.000	1996.000
-2490.000	-541.000	2000.000
-15588.000	-7060.000	2004.000
-12337.000	-16590.000	2008.000
41184.000	7601.000	2012.000
8775.000	81840.000	2016.000
-129477.000	51303.000	2020.000
-102397.000	-146300.000	2024.000
88238.000	-22869.000	2028.000
-9238.000	175355.000	2032.000
-54528.000	-64676.000	2036.000
41312.000	-4576.000	2040.000
-17118.000	23352.000	2044.000
