0.0               8.5               0.0               515.42398489546
0.0               8.58              0.0               509.950466608464
0.0               8.66              0.0               506.018898756277
0.0               8.74              0.0               502.970527466938
0.0               8.82              0.0               499.9221561776
0.0               8.9               0.0               496.873784888261
0.0               8.98              0.0               493.825413598922
0.0               9.06              0.0               490.777042309584
0.0               9.14              0.0               487.728671020245
0.0               9.22              0.0               484.680299730906
0.0               9.3               0.0               481.631928441568
0.0               9.38              0.0               478.694701309554
0.0               9.46              0.0               476.809499062917
0.0               9.54              0.0               474.92429681628
0.0               9.62              0.0               473.039094569642
0.0               9.7               0.0               471.153892323005
0.0               9.78              0.0               469.268690076367
0.0               9.86              0.0               467.38348782973
0.0               9.94              0.0               465.498285583092
0.0               10.02             0.0               463.613083336455
0.0               10.1              0.0               461.727881089817
0.0               10.18             0.0               460.301833013242
0.0               10.26             0.0               459.243505808795
0.0               10.34             0.0               458.185178604349
0.0               10.42             0.0               457.126851399902
0.0               10.5              0.0               456.068524195455
0.0               10.58             0.0               455.010196991008
0.0               10.66             0.0               453.951869786561
0.0               10.74             0.0               452.893542582114
0.0               10.82             0.0               451.835215377667
0.0               10.9              0.0               450.782035626029
0.0               10.98             0.0               450.066322880516
0.0               11.06             0.0               449.350610135002
0.0               11.14             0.0               448.634897389489
0.0               11.22             0.0               447.919184643976
0.0               11.3              0.0               447.203471898463
0.0               11.38             0.0               446.48775915295
0.0               11.46             0.0               445.772046407436
0.0               11.54             0.0               445.056333661923
0.0               11.62             0.0               444.34062091641
0.0               11.7              0.0               443.730967783887
0.0               11.78             0.0               443.238651489028
0.0               11.86             0.0               442.746335194169
0.0               11.94             0.0               442.25401889931
0.0               12.02             0.0               441.76170260445
0.0               12.1              0.0               441.269386309591
0.0               12.18             0.0               440.777070014732
0.0               12.26             0.0               440.284753719873
0.0               12.34             0.0               439.792437425013
0.0               12.42             0.0               439.300121130154
0.0               12.5              0.0               438.801084461688
0.0               12.58             0.0               438.301576718803
0.0               12.66             0.0               437.802068975917
0.0               12.74             0.0               437.302561233032
0.0               12.82             0.0               436.803053490146
0.0               12.9              0.0               436.303545747261
0.0               12.98             0.0               435.804038004375
0.0               13.06             0.0               435.30453026149
0.0               13.14             0.0               434.805022518604
0.0               13.22             0.0               434.279081843611
0.0               13.3              0.0               433.712524711963
0.0               13.38             0.0               433.145967580315
0.0               13.46             0.0               432.579410448667
0.0               13.54             0.0               432.01285331702
0.0               13.62             0.0               431.446296185372
0.0               13.7              0.0               430.879739053724
0.0               13.78             0.0               430.313181922076
0.0               13.86             0.0               429.746624790429
0.0               13.94             0.0               429.180067658781
0.0               14.02             0.0               428.605675830967
0.0               14.1              0.0               428.029944220486
0.0               14.18             0.0               427.454212610006
0.0               14.26             0.0               426.878480999526
0.0               14.34             0.0               426.302749389045
0.0               14.42             0.0               425.727017778565
0.0               14.5              0.0               425.151286168085
0.0               14.58             0.0               424.575554557604
0.0               14.66             0.0               423.999822947124
0.0               14.74             0.0               423.388591422357
0.0               14.82             0.0               422.699695334153
0.0               14.9              0.0               422.010799245948
0.0               14.98             0.0               421.321903157743
0.0               15.06             0.0               420.633007069538
0.0               15.14             0.0               419.944110981334
0.0               15.22             0.0               419.255214893129
0.0               15.3              0.0               418.566318804924
0.0               15.38             0.0               417.877422716719
0.0               15.46             0.0               417.188526628514
0.0               15.54             0.0               416.553000956862
0.0               15.62             0.0               415.933109043594
0.0               15.7              0.0               415.313217130326
0.0               15.78             0.0               414.693325217057
0.0               15.86             0.0               414.073433303789
0.0               15.94             0.0               413.453541390521
0.0               16.02             0.0               412.833649477253
0.0               16.1              0.0               412.213757563985
0.0               16.18             0.0               411.593865650717
0.0               16.26             0.0               410.972388468027
0.0               16.34             0.0               410.345697873531
0.0               16.42             0.0               409.719007279035
0.0               16.5              0.0               409.092316684539
