0.0               1.5               0.0               455.993054512147
0.0               1.535             0.0               446.76257010439
0.0               1.57              0.0               437.532085696632
0.0               1.605             0.0               428.301601288874
0.0               1.64              0.0               419.071116881116
0.0               1.675             0.0               409.840632473359
0.0               1.71              0.0               403.186446674649
0.0               1.745             0.0               399.366189345892
0.0               1.78              0.0               395.545932017135
0.0               1.815             0.0               391.725674688378
0.0               1.85              0.0               387.905417359621
0.0               1.885             0.0               384.085160030864
0.0               1.92              0.0               382.281486113321
0.0               1.955             0.0               380.623692697866
0.0               1.99              0.0               378.965899282411
0.0               2.025             0.0               377.308105866956
0.0               2.06              0.0               375.650312451501
0.0               2.095             0.0               374.250151625667
0.0               2.13              0.0               373.254842012096
0.0               2.165             0.0               372.259532398525
0.0               2.2               0.0               371.264222784954
0.0               2.235             0.0               370.268913171384
0.0               2.27              0.0               369.273603557813
0.0               2.305             0.0               368.325696492294
0.0               2.34              0.0               367.38646876656
0.0               2.375             0.0               366.447241040825
0.0               2.41              0.0               365.508013315091
0.0               2.445             0.0               364.568785589357
0.0               2.48              0.0               363.501663779583
0.0               2.515             0.0               362.138366196244
0.0               2.55              0.0               360.775068612906
0.0               2.585             0.0               359.411771029567
0.0               2.62              0.0               358.048473446229
0.0               2.655             0.0               356.68517586289
0.0               2.69              0.0               355.084110119094
0.0               2.725             0.0               353.40710794709
0.0               2.76              0.0               351.730105775085
0.0               2.795             0.0               350.05310360308
0.0               2.83              0.0               348.376101431076
0.0               2.865             0.0               346.661646656436
0.0               2.9               0.0               344.809865672136
0.0               2.935             0.0               342.958084687836
0.0               2.97              0.0               341.106303703535
0.0               3.005             0.0               339.254522719235
0.0               3.04              0.0               337.402741734935
0.0               3.075             0.0               335.269558681906
0.0               3.11              0.0               332.998172246011
0.0               3.145             0.0               330.726785810116
0.0               3.18              0.0               328.45539937422
0.0               3.215             0.0               326.184012938325
0.0               3.25              0.0               323.921131542791
0.0               3.285             0.0               321.71672229974
0.0               3.32              0.0               319.51231305669
0.0               3.355             0.0               317.30790381364
0.0               3.39              0.0               315.10349457059
0.0               3.425             0.0               312.899085327539
0.0               3.46              0.0               310.688043199842
0.0               3.495             0.0               308.472263297396
0.0               3.53              0.0               306.256483394949
0.0               3.565             0.0               304.040703492503
0.0               3.6               0.0               301.824923590057
0.0               3.635             0.0               299.609282975246
0.0               3.67              0.0               297.397013121187
0.0               3.705             0.0               295.184743267129
0.0               3.74              0.0               292.972473413071
0.0               3.775             0.0               290.760203559012
0.0               3.81              0.0               288.547933704954
0.0               3.845             0.0               286.452556096094
0.0               3.88              0.0               284.475941008354
0.0               3.915             0.0               282.499325920614
0.0               3.95              0.0               280.522710832875
0.0               3.985             0.0               278.546095745135
0.0               4.02              0.0               276.569480657396
0.0               4.055             0.0               274.75922931459
0.0               4.09              0.0               272.957296159031
0.0               4.125             0.0               271.155363003472
0.0               4.16              0.0               269.353429847913
0.0               4.195             0.0               267.551496692354
0.0               4.23              0.0               265.80531055071
0.0               4.265             0.0               264.139768147644
0.0               4.3               0.0               262.474225744578
0.0               4.335             0.0               260.808683341511
0.0               4.37              0.0               259.143140938445
0.0               4.405             0.0               257.477598535378
0.0               4.44              0.0               255.819732070106
0.0               4.475             0.0               254.163062769443
0.0               4.51              0.0               252.50639346878
0.0               4.545             0.0               250.849724168117
0.0               4.58              0.0               249.193054867454
0.0               4.615             0.0               247.645583146812
0.0               4.65              0.0               246.328639650659
0.0               4.685             0.0               245.011696154506
0.0               4.72              0.0               243.694752658354
0.0               4.755             0.0               242.377809162201
0.0               4.79              0.0               241.060865666048
0.0               4.825             0.0               239.850836025751
0.0               4.86              0.0               238.671353201413
0.0               4.895             0.0               237.491870377075
0.0               4.93              0.0               236.312387552737
0.0               4.965             0.0               235.132904728399
0.0               5.0               0.0               233.993996330704
