0.0               1.5               0.0               573.573797880757
0.0               1.535             0.0               550.75113623358
0.0               1.57              0.0               527.928474586403
0.0               1.605             0.0               505.105812939226
0.0               1.64              0.0               482.283151292049
0.0               1.675             0.0               459.460489644872
0.0               1.71              0.0               442.314200271981
0.0               1.745             0.0               431.411920400803
0.0               1.78              0.0               420.509640529626
0.0               1.815             0.0               409.607360658448
0.0               1.85              0.0               398.705080787271
0.0               1.885             0.0               387.802800916093
0.0               1.92              0.0               381.240956803274
0.0               1.955             0.0               374.993101660208
0.0               1.99              0.0               368.745246517142
0.0               2.025             0.0               362.497391374076
0.0               2.06              0.0               356.249536231011
0.0               2.095             0.0               351.005095510633
0.0               2.13              0.0               347.33744888305
0.0               2.165             0.0               343.669802255467
0.0               2.2               0.0               340.002155627884
0.0               2.235             0.0               336.334509000301
0.0               2.27              0.0               332.666862372718
0.0               2.305             0.0               330.202822665219
0.0               2.34              0.0               327.959161689566
0.0               2.375             0.0               325.715500713913
0.0               2.41              0.0               323.47183973826
0.0               2.445             0.0               321.228178762607
0.0               2.48              0.0               319.17325210487
0.0               2.515             0.0               317.555394393886
0.0               2.55              0.0               315.937536682903
0.0               2.585             0.0               314.319678971919
0.0               2.62              0.0               312.701821260936
0.0               2.655             0.0               311.083963549952
0.0               2.69              0.0               309.59330760292
0.0               2.725             0.0               308.143276303014
0.0               2.76              0.0               306.693245003108
0.0               2.795             0.0               305.243213703202
0.0               2.83              0.0               303.793182403296
0.0               2.865             0.0               302.375293129294
0.0               2.9               0.0               301.075257950271
0.0               2.935             0.0               299.775222771248
0.0               2.97              0.0               298.475187592224
0.0               3.005             0.0               297.175152413201
0.0               3.04              0.0               295.875117234178
0.0               3.075             0.0               294.363132670184
0.0               3.11              0.0               292.747054621265
0.0               3.145             0.0               291.130976572345
0.0               3.18              0.0               289.514898523425
0.0               3.215             0.0               287.898820474505
0.0               3.25              0.0               286.292702234994
0.0               3.285             0.0               284.755057685171
0.0               3.32              0.0               283.217413135347
0.0               3.355             0.0               281.679768585523
0.0               3.39              0.0               280.1421240357
0.0               3.425             0.0               278.604479485876
0.0               3.46              0.0               277.089954411174
0.0               3.495             0.0               275.591943247272
0.0               3.53              0.0               274.093932083371
0.0               3.565             0.0               272.595920919469
0.0               3.6               0.0               271.097909755567
0.0               3.635             0.0               269.600543011514
0.0               3.67              0.0               268.118771227776
0.0               3.705             0.0               266.636999444038
0.0               3.74              0.0               265.155227660299
0.0               3.775             0.0               263.673455876561
0.0               3.81              0.0               262.191684092823
0.0               3.845             0.0               260.759116485746
0.0               3.88              0.0               259.376540322156
0.0               3.915             0.0               257.993964158566
0.0               3.95              0.0               256.611387994976
0.0               3.985             0.0               255.228811831386
0.0               4.02              0.0               253.846235667796
0.0               4.055             0.0               252.43478137909
0.0               4.09              0.0               251.021883184128
0.0               4.125             0.0               249.608984989166
0.0               4.16              0.0               248.196086794204
0.0               4.195             0.0               246.783188599243
0.0               4.23              0.0               245.408234858703
0.0               4.265             0.0               244.088171639611
0.0               4.3               0.0               242.768108420518
0.0               4.335             0.0               241.448045201425
0.0               4.37              0.0               240.127981982333
0.0               4.405             0.0               238.80791876324
0.0               4.44              0.0               237.601206588358
0.0               4.475             0.0               236.412173016701
0.0               4.51              0.0               235.223139445044
0.0               4.545             0.0               234.034105873387
0.0               4.58              0.0               232.84507230173
0.0               4.615             0.0               231.690350137432
0.0               4.65              0.0               230.608063166446
0.0               4.685             0.0               229.525776195461
0.0               4.72              0.0               228.443489224475
0.0               4.755             0.0               227.36120225349
0.0               4.79              0.0               226.278915282505
0.0               4.825             0.0               225.292091637292
0.0               4.86              0.0               224.332543228014
0.0               4.895             0.0               223.372994818736
0.0               4.93              0.0               222.413446409458
0.0               4.965             0.0               221.45389800018
0.0               5.0               0.0               220.53252951054