Z,B,Bx,By,Bz
1.800000e-01,2.716381e+03,-1.393333e+02,-2.699667e+03,2.666667e+02
2.000000e-01,2.695721e+03,-142,-2680,2.536667e+02
2.200000e-01,2.643980e+03,-143,-2.630333e+03,227
2.400000e-01,2.602435e+03,-1.416667e+02,-2.589667e+03,215
2.600000e-01,2.563391e+03,-1.393333e+02,-2551,2.096667e+02
2.800000e-01,2.525312e+03,-137,-2513,208
3.000000e-01,2.500935e+03,-135,-2.488667e+03,2.073333e+02
3.200000e-01,2.463373e+03,-133,-2.451333e+03,2.036667e+02
3.400000e-01,2.426861e+03,-131,-2415,2.006667e+02
3.600000e-01,2.390658e+03,-129,-2.379333e+03,1.933333e+02
3.800000e-01,2.355689e+03,-1.263333e+02,-2.344667e+03,1.893333e+02
4.000000e-01,2.311708e+03,-1.253333e+02,-2.300667e+03,1.876667e+02
4.200000e-01,2.279505e+03,-1.233333e+02,-2.268333e+03,1.886667e+02
4.400000e-01,2.246172e+03,-1.216667e+02,-2.235667e+03,1.796667e+02
4.600000e-01,2.212778e+03,-1.196667e+02,-2.203667e+03,161
4.800000e-01,2.179964e+03,-118,-2172,144
5.000000e-01,2.150902e+03,-116,-2.143333e+03,138
5.200000e-01,2.125421e+03,-114,-2118,136
5.400000e-01,2.097305e+03,-112,-2090,1.343333e+02
5.600000e-01,2.071140e+03,-110,-2064,132
5.800000e-01,2.046710e+03,-109,-2.039667e+03,130
6.000000e-01,2.020826e+03,-108,-2.014000e+03,126
6.200000e-01,1.997584e+03,-1.066667e+02,-1991,122
6.400000e-01,1.982653e+03,-1.053333e+02,-1.976333e+03,118
6.600000e-01,1.960731e+03,-1.036667e+02,-1.954667e+03,114
6.800000e-01,1.939704e+03,-1.026667e+02,-1.933667e+03,1.133333e+02
7.000000e-01,1.918354e+03,-1.013333e+02,-1.912667e+03,1.073333e+02
7.200000e-01,1.897908e+03,-1.003333e+02,-1.892667e+03,99
7.400000e-01,1.870651e+03,-9.933333e+01,-1866,8.666667e+01
7.600000e-01,1.851359e+03,-9.833333e+01,-1847,8.033333e+01
7.800000e-01,1.834893e+03,-97,-1.830667e+03,78
8.000000e-01,1.823494e+03,-9.633333e+01,-1.819333e+03,7.666667e+01
8.200000e-01,1.807391e+03,-95,-1.803333e+03,75
8.400000e-01,1.790941e+03,-9.366667e+01,-1787,73
8.600000e-01,1.776799e+03,-9.266667e+01,-1773,70
8.800000e-01,1.761351e+03,-9.133333e+01,-1.757667e+03,68
9.000000e-01,1.748315e+03,-9.133333e+01,-1.744667e+03,6.633333e+01
9.200000e-01,1.734970e+03,-9.033333e+01,-1.731333e+03,6.666667e+01
9.400000e-01,1.721826e+03,-89,-1.718333e+03,64
9.600000e-01,1.705352e+03,-8.866667e+01,-1702,5.966667e+01
9.800000e-01,1.692073e+03,-8.766667e+01,-1689,52
1,1.678904e+03,-8.733333e+01,-1676,46
1.020000e+00,1.668798e+03,-86,-1666,44
1.040000e+00,1.658072e+03,-85,-1.655333e+03,43
1.060000e+00,1.648720e+03,-8.433333e+01,-1646,43
1.080000e+00,1.638693e+03,-84,-1636,42
1.100000e+00,1.631338e+03,-8.366667e+01,-1.628667e+03,4.133333e+01
1.120000e+00,1.622259e+03,-8.233333e+01,-1.619667e+03,4.033333e+01
1.140000e+00,1.613292e+03,-83,-1.610667e+03,3.966667e+01
1.160000e+00,1.602508e+03,-81,-1600,3.833333e+01
1.180000e+00,1.596201e+03,-8.133333e+01,-1.593667e+03,3.833333e+01
1.200000e+00,1.586467e+03,-8.033333e+01,-1584,37
1.220000e+00,1.577742e+03,-7.966667e+01,-1.575333e+03,3.533333e+01
1.240000e+00,1.569656e+03,-79,-1.567333e+03,3.233333e+01
1.260000e+00,1.564265e+03,-79,-1562,29
1.280000e+00,1.556540e+03,-7.833333e+01,-1.554333e+03,27
1.300000e+00,1.546870e+03,-78,-1.544667e+03,27
1.320000e+00,1.540169e+03,-77,-1538,2.733333e+01
1.340000e+00,1.533839e+03,-77,-1.531667e+03,27
1.360000e+00,1.527148e+03,-7.633333e+01,-1525,27
1.380000e+00,1.520868e+03,-76,-1.518733e+03,2.666667e+01
1.400000e+00,1.514781e+03,-7.566667e+01,-1.512667e+03,26
1.420000e+00,1.508762e+03,-75,-1.506667e+03,2.633333e+01
1.440000e+00,1.502468e+03,-75,-1.500333e+03,28
1.460000e+00,1.496087e+03,-74,-1494,2.766667e+01
1.480000e+00,1.490060e+03,-74,-1488,2.566667e+01
1.500000e+00,1.484018e+03,-7.366667e+01,-1482,2.366667e+01
1.520000e+00,1.478319e+03,-7.366667e+01,-1.476333e+03,21
1.540000e+00,1.472930e+03,-7.266667e+01,-1471,20
1.560000e+00,1.467950e+03,-7.266667e+01,-1466,21
1.580000e+00,1.462273e+03,-72,-1.460333e+03,22
1.600000e+00,1.456281e+03,-72,-1.454333e+03,22
1.620000e+00,1.451581e+03,-71,-1.449667e+03,2.266667e+01
1.640000e+00,1.445917e+03,-71,-1444,2.233333e+01
1.660000e+00,1.440601e+03,-71,-1.438667e+03,23
1.680000e+00,1.436274e+03,-71,-1.434333e+03,23
1.700000e+00,1.431597e+03,-7.033333e+01,-1.429667e+03,24
1.720000e+00,1.426931e+03,-70,-1425,2.466667e+01
1.740000e+00,1.421589e+03,-6.966667e+01,-1.419667e+03,2.466667e+01
1.760000e+00,1.416541e+03,-69,-1.414667e+03,2.333333e+01
1.780000e+00,1.411183e+03,-69,-1.409333e+03,2.133333e+01
1.800000e+00,1.406496e+03,-6.866667e+01,-1.404667e+03,2.066667e+01
1.820000e+00,1.399810e+03,-68,-1398,21
1.840000e+00,1.396819e+03,-68,-1395,2.133333e+01
1.860000e+00,1.391503e+03,-68,-1.389667e+03,22
1.880000e+00,1.386504e+03,-6.766667e+01,-1.384667e+03,2.266667e+01
1.900000e+00,1.381484e+03,-6.733333e+01,-1.379667e+03,22
1.920000e+00,1.376474e+03,-6.666667e+01,-1.374667e+03,23
1.940000e+00,1.372132e+03,-66,-1.370333e+03,24
1.960000e+00,1.367156e+03,-66,-1.365333e+03,25
1.980000e+00,1.362169e+03,-66,-1.360333e+03,2.533333e+01
2,1.356821e+03,-6.566667e+01,-1355,25
2.020000e+00,1.351760e+03,-65,-1350,23
2.040000e+00,1.345745e+03,-65,-1344,2.166667e+01
2.060000e+00,1.340746e+03,-65,-1339,2.133333e+01
2.080000e+00,1.336408e+03,-6.466667e+01,-1.334667e+03,2.166667e+01
2.100000e+00,1.330712e+03,-6.366667e+01,-1329,2.233333e+01
2.120000e+00,1.325745e+03,-64,-1324,23
2.140000e+00,1.322751e+03,-6.366667e+01,-1321,24
2.160000e+00,1.318059e+03,-63,-1.316333e+03,24
2.180000e+00,1.310763e+03,-6.333333e+01,-1309,2.466667e+01
2.200000e+00,1.307758e+03,-63,-1306,25
2.220000e+00,1.303117e+03,-63,-1.301333e+03,26
2.240000e+00,1.298422e+03,-62,-1.296667e+03,2.666667e+01
2.260000e+00,1.293429e+03,-62,-1.291667e+03,2.666667e+01
2.280000e+00,1.288069e+03,-62,-1.286333e+03,25
2.300000e+00,1.283723e+03,-62,-1282,24
2.320000e+00,1.278330e+03,-61,-1.276667e+03,23
2.340000e+00,1.273371e+03,-6.133333e+01,-1.271667e+03,24
2.360000e+00,1.268375e+03,-61,-1.266667e+03,2.466667e+01
2.380000e+00,1.261691e+03,-6.033333e+01,-1260,25
2.400000e+00,1.258347e+03,-60,-1.256667e+03,25
2.420000e+00,1.252028e+03,-60,-1.250333e+03,2.533333e+01
2.440000e+00,1.246721e+03,-5.966667e+01,-1245,27
2.460000e+00,1.242083e+03,-5.966667e+01,-1.240333e+03,28
2.480000e+00,1.237747e+03,-59,-1236,29
2.500000e+00,1.232057e+03,-5.866667e+01,-1.230333e+03,2.833333e+01
2.520000e+00,1.227405e+03,-59,-1.225667e+03,28
2.540000e+00,1.224017e+03,-5.866667e+01,-1.222333e+03,26
2.560000e+00,1.218337e+03,-5.866667e+01,-1.216667e+03,25
2.580000e+00,1.211647e+03,-58,-1210,25
2.600000e+00,1.207302e+03,-5.733333e+01,-1.205667e+03,2.566667e+01
2.620000e+00,1.202307e+03,-57,-1.200667e+03,2.633333e+01
2.640000e+00,1.197654e+03,-57,-1196,2.666667e+01
2.660000e+00,1.193984e+03,-5.666667e+01,-1.192333e+03,27
2.680000e+00,1.188674e+03,-5.666667e+01,-1187,2.766667e+01
2.700000e+00,1.183673e+03,-5.633333e+01,-1182,28
2.720000e+00,1.178696e+03,-5.633333e+01,-1177,2.866667e+01
2.740000e+00,1.172722e+03,-56,-1171,30
2.760000e+00,1.167682e+03,-55,-1166,30
2.780000e+00,1.162689e+03,-55,-1161,30
2.800000e+00,1.158019e+03,-5.566667e+01,-1.156333e+03,2.833333e+01
2.820000e+00,1.152607e+03,-55,-1151,26
2.840000e+00,1.147597e+03,-5.433333e+01,-1146,2.666667e+01
2.860000e+00,1.142596e+03,-54,-1141,27
2.880000e+00,1.137611e+03,-54,-1136,2.733333e+01
2.900000e+00,1.132635e+03,-54,-1131,28
2.920000e+00,1.126984e+03,-54,-1.125333e+03,2.833333e+01
2.940000e+00,1.122618e+03,-53,-1121,2.866667e+01
2.960000e+00,1.118324e+03,-5.333333e+01,-1.116667e+03,2.933333e+01
2.980000e+00,1.112677e+03,-53,-1111,3.033333e+01
3,1.109028e+03,-5.266667e+01,-1.107333e+03,3.133333e+01
3.020000e+00,1.104343e+03,-5.233333e+01,-1.102667e+03,31
3.040000e+00,1.097985e+03,-52,-1.096333e+03,3.033333e+01
3.060000e+00,1.092265e+03,-52,-1.090667e+03,28
3.080000e+00,1.088871e+03,-5.133333e+01,-1.087333e+03,2.666667e+01
3.100000e+00,1.084520e+03,-51,-1083,2.633333e+01
3.120000e+00,1.077546e+03,-51,-1076,27
3.140000e+00,1.072896e+03,-5.066667e+01,-1.071333e+03,28
3.160000e+00,1.068252e+03,-51,-1.066667e+03,28
3.180000e+00,1.063572e+03,-50,-1062,29
3.200000e+00,1.058595e+03,-5.033333e+01,-1057,29
3.220000e+00,1.053272e+03,-50,-1.051667e+03,2.966667e+01
3.240000e+00,1.049266e+03,-4.933333e+01,-1.047667e+03,3.033333e+01
3.260000e+00,1.043955e+03,-49,-1.042333e+03,3.133333e+01
3.280000e+00,1.040284e+03,-49,-1.038667e+03,31
3.300000e+00,1.033941e+03,-49,-1.032333e+03,3.033333e+01
3.320000e+00,1.028577e+03,-49,-1027,29
3.340000e+00,1.024848e+03,-4.833333e+01,-1.023333e+03,2.766667e+01
3.360000e+00,1.020854e+03,-4.833333e+01,-1.019333e+03,2.766667e+01
3.380000e+00,1.016842e+03,-4.833333e+01,-1.015333e+03,27
3.400000e+00,1.009499e+03,-4.733333e+01,-1008,28
3.420000e+00,1.004824e+03,-47,-1.003333e+03,28
3.440000e+00,1.000522e+03,-4.733333e+01,-999,2.833333e+01
3.460000e+00,9.972129e+02,-4.733333e+01,-9.956667e+02,29
3.480000e+00,9.919018e+02,-47,-9.903333e+02,30
3.500000e+00,9.879232e+02,-4.666667e+01,-9.863333e+02,31
3.520000e+00,9.816160e+02,-47,-980,31
3.540000e+00,9.765767e+02,-46,-975,31
3.560000e+00,9.718862e+02,-46,-9.703333e+02,30
3.580000e+00,9.678522e+02,-46,-9.663333e+02,2.866667e+01
3.600000e+00,9.637882e+02,-4.533333e+01,-9.623333e+02,2.733333e+01
3.620000e+00,9.594270e+02,-45,-958,2.666667e+01
3.640000e+00,9.551443e+02,-4.533333e+01,-9.536667e+02,2.766667e+01
3.660000e+00,9.501619e+02,-4.533333e+01,-9.486667e+02,28
3.680000e+00,9.441495e+02,-4.466667e+01,-9.426667e+02,2.833333e+01
3.700000e+00,9.411285e+02,-4.433333e+01,-9.396667e+02,28
3.720000e+00,9.344870e+02,-44,-933,29
3.740000e+00,9.304934e+02,-44,-929,29
3.760000e+00,9.258661e+02,-44,-9.243333e+02,30
3.780000e+00,9.225177e+02,-4.333333e+01,-921,3.033333e+01
3.800000e+00,9.175577e+02,-44,-916,3.033333e+01
3.820000e+00,9.131731e+02,-43,-9.116667e+02,30
3.840000e+00,9.067660e+02,-43,-9.053333e+02,2.733333e+01
3.860000e+00,9.024098e+02,-43,-901,2.633333e+01
3.880000e+00,8.987114e+02,-42,-8.973333e+02,2.666667e+01
3.900000e+00,8.943948e+02,-42,-893,27
3.920000e+00,8.894026e+02,-42,-888,27
3.940000e+00,8.854089e+02,-42,-884,27
3.960000e+00,8.810354e+02,-41,-8.796667e+02,27
3.980000e+00,8.770939e+02,-4.166667e+01,-8.756667e+02,2.766667e+01
4,8.724139e+02,-41,-871,28
4.020000e+00,8.694627e+02,-41,-868,2.933333e+01
4.040000e+00,8.634958e+02,-41,-862,30
4.060000e+00,8.594369e+02,-4.033333e+01,-858,29
4.080000e+00,8.554213e+02,-4.033333e+01,-854,2.833333e+01
4.100000e+00,8.506824e+02,-40,-8.493333e+02,2.633333e+01
4.120000e+00,8.459870e+02,-3.966667e+01,-8.446667e+02,2.566667e+01
4.140000e+00,8.430019e+02,-3.966667e+01,-8.416667e+02,26
4.160000e+00,8.387017e+02,-40,-8.373333e+02,2.633333e+01
4.180000e+00,8.346609e+02,-39,-8.333333e+02,2.633333e+01
4.200000e+00,8.287078e+02,-3.933333e+01,-8.273333e+02,27
4.220000e+00,8.253376e+02,-3.866667e+01,-824,2.666667e+01
4.240000e+00,8.213550e+02,-3.866667e+01,-820,27
4.260000e+00,8.173571e+02,-3.833333e+01,-816,2.733333e+01
4.280000e+00,8.143577e+02,-38,-813,2.766667e+01
4.300000e+00,8.104031e+02,-3.833333e+01,-809,2.833333e+01
4.320000e+00,8.044096e+02,-38,-803,2.866667e+01
4.340000e+00,8.017083e+02,-3.766667e+01,-8.003333e+02,28
4.360000e+00,7.966492e+02,-3.766667e+01,-7.953333e+02,26
4.380000e+00,7.922751e+02,-3.733333e+01,-791,25
4.400000e+00,7.882658e+02,-37,-787,25
4.420000e+00,7.846051e+02,-37,-7.833333e+02,25
4.440000e+00,7.805910e+02,-3.633333e+01,-7.793333e+02,2.533333e+01
4.460000e+00,7.769569e+02,-3.666667e+01,-7.756667e+02,2.566667e+01
4.480000e+00,7.736134e+02,-3.633333e+01,-7.723333e+02,2.566667e+01
4.500000e+00,7.692985e+02,-3.633333e+01,-768,26
4.520000e+00,7.656223e+02,-36,-7.643333e+02,26
4.540000e+00,7.623137e+02,-3.566667e+01,-761,27
4.560000e+00,7.573501e+02,-36,-756,2.733333e+01
4.580000e+00,7.529653e+02,-35,-7.516667e+02,27
4.600000e+00,7.502952e+02,-3.533333e+01,-749,2.633333e+01
4.620000e+00,7.465891e+02,-3.533333e+01,-7.453333e+02,25
4.640000e+00,7.415274e+02,-35,-7.403333e+02,2.333333e+01
4.660000e+00,7.382208e+02,-35,-737,24
4.680000e+00,7.341805e+02,-34,-733,24
4.700000e+00,7.302183e+02,-3.466667e+01,-729,24
4.720000e+00,7.265263e+02,-34,-7.253333e+02,24
4.740000e+00,7.228657e+02,-34,-7.216667e+02,24
4.760000e+00,7.195491e+02,-34,-7.183333e+02,2.433333e+01
4.780000e+00,7.158959e+02,-3.366667e+01,-7.146667e+02,25
4.800000e+00,7.119229e+02,-3.333333e+01,-7.106667e+02,26
4.820000e+00,7.092610e+02,-3.333333e+01,-708,26
4.840000e+00,7.056008e+02,-3.333333e+01,-7.043333e+02,26
4.860000e+00,7.022178e+02,-3.266667e+01,-701,2.533333e+01
4.880000e+00,6.991535e+02,-3.266667e+01,-698,2.333333e+01
4.900000e+00,6.941506e+02,-3.266667e+01,-693,23
4.920000e+00,6.904791e+02,-3.266667e+01,-6.893333e+02,2.266667e+01
4.940000e+00,6.867982e+02,-32,-6.856667e+02,23
4.960000e+00,6.831692e+02,-3.266667e+01,-682,23
4.980000e+00,6.801426e+02,-32,-679,23
5,6.774762e+02,-3.166667e+01,-6.763333e+02,2.333333e+01
5.020000e+00,6.738236e+02,-3.133333e+01,-6.726667e+02,24
5.040000e+00,6.695098e+02,-3.133333e+01,-6.683333e+02,2.433333e+01
5.060000e+00,6.662228e+02,-3.166667e+01,-665,25
5.080000e+00,6.631720e+02,-31,-662,2.433333e+01
5.100000e+00,6.605101e+02,-31,-6.593333e+02,2.433333e+01
5.120000e+00,6.571190e+02,-3.066667e+01,-656,23
5.140000e+00,6.524259e+02,-3.066667e+01,-6.513333e+02,22
5.160000e+00,6.490809e+02,-31,-648,21
5.180000e+00,6.460607e+02,-30,-645,2.166667e+01
5.200000e+00,6.427329e+02,-30,-6.416667e+02,2.166667e+01
5.220000e+00,6.394165e+02,-30,-6.383333e+02,22
5.240000e+00,6.364060e+02,-2.966667e+01,-6.353333e+02,22
5.260000e+00,6.337438e+02,-2.966667e+01,-6.326667e+02,22
5.280000e+00,6.304279e+02,-2.966667e+01,-6.293333e+02,2.233333e+01
5.300000e+00,6.267807e+02,-2.943333e+01,-6.256667e+02,23
5.320000e+00,6.241235e+02,-29,-623,2.366667e+01
5.340000e+00,6.211289e+02,-29,-620,2.366667e+01
5.360000e+00,6.171110e+02,-29,-616,23
5.380000e+00,6.133832e+02,-2.833333e+01,-6.123333e+02,22
5.400000e+00,6.106820e+02,-28,-6.096667e+02,2.133333e+01
5.420000e+00,6.083606e+02,-2.866667e+01,-6.073333e+02,2.066667e+01
5.440000e+00,6.043138e+02,-28,-6.033333e+02,20
5.460000e+00,6.017091e+02,-28,-6.006667e+02,2.166667e+01
5.480000e+00,5.980020e+02,-28,-597,2.033333e+01
5.500000e+00,5.956958e+02,-28,-5.946667e+02,21
5.520000e+00,5.920355e+02,-28,-591,21
5.540000e+00,5.890459e+02,-2.733333e+01,-588,22
5.560000e+00,5.863686e+02,-27,-5.853333e+02,22
5.580000e+00,5.833994e+02,-27,-5.823333e+02,2.266667e+01
5.600000e+00,5.810730e+02,-2.733333e+01,-580,2.233333e+01
5.620000e+00,5.780408e+02,-2.733333e+01,-577,2.133333e+01
5.640000e+00,5.739924e+02,-2.666667e+01,-573,2.066667e+01
5.660000e+00,5.719567e+02,-2.633333e+01,-571,20
5.680000e+00,5.689430e+02,-2.666667e+01,-568,19
5.700000e+00,5.659866e+02,-27,-565,1.966667e+01
5.720000e+00,5.629759e+02,-2.666667e+01,-562,1.966667e+01
5.740000e+00,5.599971e+02,-27,-559,1.966667e+01
5.760000e+00,5.576444e+02,-26,-5.566667e+02,2.033333e+01
5.780000e+00,5.553151e+02,-26,-5.543333e+02,2.033333e+01
5.800000e+00,5.519877e+02,-26,-551,2.033333e+01
5.820000e+00,5.496373e+02,-25,-5.486667e+02,21
5.840000e+00,5.473234e+02,-2.533333e+01,-5.463333e+02,21
5.860000e+00,5.430136e+02,-2.566667e+01,-542,21
5.880000e+00,5.399500e+02,-25,-539,20
5.900000e+00,5.379660e+02,-25,-537,2.033333e+01
5.920000e+00,5.349107e+02,-25,-534,1.866667e+01
5.940000e+00,5.335796e+02,-25,-5.326667e+02,1.866667e+01
5.960000e+00,5.305422e+02,-2.433333e+01,-5.296667e+02,1.833333e+01
5.980000e+00,5.269207e+02,-2.466667e+01,-526,19
6,5.242468e+02,-2.466667e+01,-5.233333e+02,1.866667e+01
6.020000e+00,5.219175e+02,-2.466667e+01,-521,1.866667e+01
6.040000e+00,5.192364e+02,-24,-5.183333e+02,19
6.060000e+00,5.169477e+02,-2.433333e+01,-516,1.966667e+01
6.080000e+00,5.142807e+02,-2.366667e+01,-5.133333e+02,2.033333e+01
6.100000e+00,5.122868e+02,-24,-5.113333e+02,20
6.120000e+00,5.099578e+02,-24,-509,20
6.140000e+00,5.058957e+02,-2.333333e+01,-505,19
6.160000e+00,5.038901e+02,-2.366667e+01,-503,1.833333e+01
6.180000e+00,5.018816e+02,-2.366667e+01,-501,18
