Data Point Listing of File C:\Users\Devin\Aug23\1500CCM_cpmg_200.tnt
Starting Point:	1	Ending Point:	1024
Real	Imag	usec
-5.000	-11.000	0.000
-145.000	1144.000	2.000
-5345.000	-15230.000	4.000
-2980.000	-8347.000	6.000
-3284.000	-8310.000	8.000
-5250.000	-1298.000	10.000
27964.000	-10391.000	12.000
6898.000	-2097.000	14.000
-13952.000	4792.000	16.000
4886.000	-13484.000	18.000
3687.000	-21919.000	20.000
-12772.000	-23210.000	22.000
1612.000	-18078.000	24.000
-20633.000	-15622.000	26.000
106926.000	-90127.000	28.000
175713.000	-72866.000	30.000
248916.000	-139293.000	32.000
558763.000	-142233.000	34.000
823748.000	42968.000	36.000
1121628.000	242606.000	38.000
1365329.000	659879.000	40.000
1397021.000	997283.000	42.000
1053320.000	1226753.000	44.000
613919.000	1346224.000	46.000
140681.000	1148466.000	48.000
-182287.000	881155.000	50.000
-416727.000	450681.000	52.000
-367915.000	180307.000	54.000
-222990.000	-30172.000	56.000
-66453.000	-28396.000	58.000
6533.000	510.000	60.000
43379.000	35485.000	62.000
7.000	-43.000	64.000
-496.000	-603.000	66.000
-4466.000	-2454.000	68.000
-763.000	1977.000	70.000
7582.000	3200.000	72.000
-11385.000	1535.000	74.000
-1065.000	1168.000	76.000
26642.000	-816.000	78.000
-18526.000	-4342.000	80.000
116.000	-43187.000	82.000
-10694.000	-27800.000	84.000
-15929.000	-45828.000	86.000
-14702.000	-107678.000	88.000
-24022.000	-65629.000	90.000
-186724.000	-221440.000	92.000
-226183.000	-403029.000	94.000
-130616.000	-709381.000	96.000
53944.000	-980974.000	98.000
401035.000	-1111577.000	100.000
1003647.000	-1128191.000	102.000
1444891.000	-854977.000	104.000
1702863.000	-543982.000	106.000
1685940.000	-26329.000	108.000
1472994.000	361595.000	110.000
1065329.000	498691.000	112.000
606761.000	567281.000	114.000
286334.000	544701.000	116.000
31850.000	430366.000	118.000
-45852.000	349629.000	120.000
-100488.000	199278.000	122.000
-36855.000	115792.000	124.000
-64785.000	12314.000	126.000
44.000	-10.000	128.000
-332.000	-79.000	130.000
-4730.000	2818.000	132.000
-7399.000	2451.000	134.000
-11828.000	-6450.000	136.000
-17731.000	10872.000	138.000
-13891.000	53305.000	140.000
-33058.000	32175.000	142.000
28694.000	-26748.000	144.000
24179.000	5601.000	146.000
7149.000	287.000	148.000
25734.000	9652.000	150.000
509.000	-8924.000	152.000
-42541.000	-115306.000	154.000
18732.000	-232081.000	156.000
202253.000	-356008.000	158.000
316958.000	-336614.000	160.000
510102.000	-200465.000	162.000
595240.000	-47706.000	164.000
691540.000	197393.000	166.000
633401.000	415517.000	168.000
483289.000	635093.000	170.000
270173.000	669678.000	172.000
128877.000	637746.000	174.000
-158596.000	487083.000	176.000
-216521.000	409490.000	178.000
-234390.000	304432.000	180.000
-258328.000	119621.000	182.000
-251159.000	57921.000	184.000
-241089.000	-22700.000	186.000
-136319.000	-51588.000	188.000
-91965.000	-26777.000	190.000
-32.000	3.000	192.000
515.000	1006.000	194.000
13177.000	-10232.000	196.000
2652.000	6664.000	198.000
3123.000	9047.000	200.000
21876.000	-2992.000	202.000
12528.000	-3316.000	204.000
-29601.000	3804.000	206.000
-14368.000	4352.000	208.000
8937.000	-29837.000	210.000
-17305.000	-55103.000	212.000
-14582.000	-18253.000	214.000
-26097.000	4771.000	216.000
-127154.000	13397.000	218.000
-181444.000	-1107.000	220.000
-169149.000	-95753.000	222.000
-197335.000	-322379.000	224.000
5791.000	-544722.000	226.000
332470.000	-788718.000	228.000
763998.000	-886969.000	230.000
1164207.000	-697217.000	232.000
1324887.000	-447905.000	234.000
1307254.000	-203574.000	236.000
1169240.000	82939.000	238.000
856812.000	377464.000	240.000
498297.000	403854.000	242.000
242715.000	393407.000	244.000
14277.000	325562.000	246.000
-146036.000	221211.000	248.000
-112574.000	107724.000	250.000
-114754.000	-21498.000	252.000
31374.000	-92523.000	254.000
-27.000	-71.000	256.000
-13.000	451.000	258.000
19223.000	6259.000	260.000
-135.000	10142.000	262.000
-9565.000	8972.000	264.000
-11453.000	7280.000	266.000
-33351.000	17850.000	268.000
-24210.000	8283.000	270.000
-18975.000	-27556.000	272.000
16205.000	1368.000	274.000
7523.000	7034.000	276.000
23811.000	-8142.000	278.000
9223.000	-51957.000	280.000
56675.000	-16399.000	282.000
29515.000	-102079.000	284.000
129688.000	-168135.000	286.000
206604.000	-134726.000	288.000
236694.000	-117587.000	290.000
429647.000	3300.000	292.000
529567.000	118506.000	294.000
553611.000	332824.000	296.000
472653.000	485042.000	298.000
270758.000	490778.000	300.000
131931.000	424915.000	302.000
33315.000	335492.000	304.000
-102677.000	184662.000	306.000
-129284.000	101767.000	308.000
-98050.000	75702.000	310.000
-4276.000	156933.000	312.000
-52380.000	100977.000	314.000
-97829.000	43070.000	316.000
-82486.000	-56257.000	318.000
21.000	-32.000	320.000
-140.000	321.000	322.000
-2469.000	11697.000	324.000
-9970.000	-1535.000	326.000
-10359.000	-11731.000	328.000
26004.000	4893.000	330.000
13219.000	34301.000	332.000
-567.000	-19619.000	334.000
4835.000	-3614.000	336.000
19559.000	16573.000	338.000
19610.000	11108.000	340.000
11383.000	3194.000	342.000
-54720.000	41532.000	344.000
-85296.000	-53653.000	346.000
-125870.000	-3351.000	348.000
-108165.000	-149547.000	350.000
-110352.000	-302987.000	352.000
31385.000	-410314.000	354.000
220166.000	-626737.000	356.000
506308.000	-693036.000	358.000
784928.000	-567494.000	360.000
954180.000	-266868.000	362.000
1028722.000	-59092.000	364.000
880110.000	269987.000	366.000
643404.000	361191.000	368.000
388910.000	414878.000	370.000
234466.000	369353.000	372.000
123219.000	292796.000	374.000
-61858.000	256729.000	376.000
-107518.000	187131.000	378.000
-156962.000	61142.000	380.000
-78978.000	-104390.000	382.000
18.000	12.000	384.000
409.000	-994.000	386.000
-7058.000	-9130.000	388.000
-70.000	5141.000	390.000
2776.000	2575.000	392.000
11242.000	4754.000	394.000
20892.000	-2682.000	396.000
12700.000	8776.000	398.000
-9923.000	12825.000	400.000
-13890.000	-7552.000	402.000
-10463.000	-5049.000	404.000
22363.000	29507.000	406.000
-2586.000	58563.000	408.000
-78853.000	-74143.000	410.000
-27951.000	-128826.000	412.000
51094.000	-163265.000	414.000
124017.000	-139028.000	416.000
327585.000	-39832.000	418.000
413482.000	104756.000	420.000
439946.000	181173.000	422.000
400998.000	226173.000	424.000
306674.000	286198.000	426.000
301572.000	332168.000	428.000
95093.000	307860.000	430.000
17046.000	240215.000	432.000
-110561.000	212712.000	434.000
-180248.000	153427.000	436.000
-119295.000	69667.000	438.000
-61436.000	79294.000	440.000
-67450.000	-5809.000	442.000
-14874.000	-85933.000	444.000
-4373.000	-103136.000	446.000
-11.000	44.000	448.000
-792.000	-556.000	450.000
3685.000	-6714.000	452.000
6518.000	-4642.000	454.000
15159.000	-5012.000	456.000
6840.000	-4656.000	458.000
32164.000	4740.000	460.000
-2264.000	35005.000	462.000
2704.000	10685.000	464.000
-16059.000	4916.000	466.000
13837.000	8162.000	468.000
44552.000	-8565.000	470.000
-79663.000	-27174.000	472.000
-112642.000	12083.000	474.000
-109144.000	-2705.000	476.000
-162921.000	-106499.000	478.000
-14011.000	-219238.000	480.000
105328.000	-242069.000	482.000
116643.000	-386931.000	484.000
391437.000	-424201.000	486.000
539060.000	-295206.000	488.000
638494.000	-229929.000	490.000
652120.000	-51075.000	492.000
598321.000	173020.000	494.000
407018.000	253105.000	496.000
301632.000	281000.000	498.000
90795.000	305055.000	500.000
26638.000	199987.000	502.000
6589.000	112341.000	504.000
-99805.000	38451.000	506.000
-115767.000	15034.000	508.000
-41457.000	28212.000	510.000
-10.000	-15.000	512.000
543.000	276.000	514.000
5059.000	6129.000	516.000
-2060.000	-1583.000	518.000
14437.000	6131.000	520.000
530.000	10394.000	522.000
-20462.000	4694.000	524.000
-24933.000	16553.000	526.000
-11374.000	132.000	528.000
8492.000	-14466.000	530.000
23119.000	7766.000	532.000
41479.000	-5324.000	534.000
-12940.000	-82986.000	536.000
95520.000	-44969.000	538.000
-18611.000	-97914.000	540.000
-96259.000	-123016.000	542.000
70047.000	-101592.000	544.000
161704.000	-150262.000	546.000
267067.000	-55155.000	548.000
405338.000	63981.000	550.000
407173.000	136097.000	552.000
324349.000	218862.000	554.000
170339.000	284219.000	556.000
7450.000	182513.000	558.000
-60244.000	196360.000	560.000
-113465.000	156478.000	562.000
-117690.000	-12316.000	564.000
-62362.000	-95078.000	566.000
30393.000	-84445.000	568.000
20617.000	-56663.000	570.000
-36664.000	-25377.000	572.000
-46403.000	-51523.000	574.000
20.000	-7.000	576.000
165.000	614.000	578.000
-4967.000	7674.000	580.000
-11063.000	-780.000	582.000
-10466.000	-9282.000	584.000
-7227.000	-883.000	586.000
-24502.000	-31648.000	588.000
3106.000	-34559.000	590.000
28009.000	-2655.000	592.000
18083.000	29778.000	594.000
15556.000	25953.000	596.000
-14944.000	83454.000	598.000
-101414.000	109700.000	600.000
-138135.000	81955.000	602.000
-201525.000	-14389.000	604.000
-189626.000	-143907.000	606.000
-30945.000	-231645.000	608.000
39326.000	-236341.000	610.000
61456.000	-261946.000	612.000
185584.000	-223139.000	614.000
326048.000	-235409.000	616.000
451916.000	-122908.000	618.000
496803.000	-28416.000	620.000
505422.000	131838.000	622.000
303994.000	244517.000	624.000
190403.000	277242.000	626.000
-9965.000	297920.000	628.000
-93140.000	113124.000	630.000
-166412.000	8637.000	632.000
-51563.000	-6113.000	634.000
109843.000	1922.000	636.000
147712.000	99426.000	638.000
10.000	-35.000	640.000
85.000	324.000	642.000
2424.000	6782.000	644.000
-12733.000	-747.000	646.000
-8724.000	-10741.000	648.000
-6557.000	15542.000	650.000
-8786.000	39583.000	652.000
16752.000	19436.000	654.000
6689.000	-3927.000	656.000
22672.000	17968.000	658.000
26225.000	10602.000	660.000
20390.000	51877.000	662.000
-44150.000	83708.000	664.000
-100247.000	96232.000	666.000
-76608.000	3378.000	668.000
-64746.000	-20619.000	670.000
113603.000	-148486.000	672.000
248323.000	-115875.000	674.000
326578.000	-33372.000	676.000
330066.000	42617.000	678.000
284683.000	228591.000	680.000
220130.000	248306.000	682.000
69133.000	200595.000	684.000
11430.000	135002.000	686.000
-11752.000	24481.000	688.000
-6890.000	66345.000	690.000
-31469.000	186245.000	692.000
-21890.000	83829.000	694.000
-63735.000	31379.000	696.000
-106797.000	-25843.000	698.000
-113292.000	2795.000	700.000
1559.000	-5754.000	702.000
-36.000	-56.000	704.000
595.000	498.000	706.000
6921.000	-2228.000	708.000
-1305.000	826.000	710.000
-4932.000	1172.000	712.000
-11366.000	11249.000	714.000
-16514.000	40248.000	716.000
-25421.000	-19991.000	718.000
734.000	-17354.000	720.000
38857.000	-13960.000	722.000
17755.000	-8652.000	724.000
12986.000	58662.000	726.000
-32665.000	118093.000	728.000
-52936.000	111609.000	730.000
-22872.000	130603.000	732.000
-141884.000	-31161.000	734.000
-161075.000	-92331.000	736.000
-13798.000	-116580.000	738.000
50729.000	-217069.000	740.000
232816.000	-229260.000	742.000
228124.000	-140458.000	744.000
280322.000	6826.000	746.000
291720.000	39446.000	748.000
345415.000	23147.000	750.000
249502.000	66103.000	752.000
175451.000	109878.000	754.000
53120.000	135954.000	756.000
-21736.000	161484.000	758.000
-112745.000	12292.000	760.000
-130208.000	-25112.000	762.000
-28729.000	36546.000	764.000
-70427.000	-64684.000	766.000
-72.000	8.000	768.000
1717.000	-263.000	770.000
7761.000	-19705.000	772.000
286.000	6229.000	774.000
-3931.000	9815.000	776.000
125.000	10093.000	778.000
6431.000	37404.000	780.000
-1589.000	21413.000	782.000
3913.000	-15654.000	784.000
37840.000	-31627.000	786.000
25714.000	-32779.000	788.000
40709.000	-8175.000	790.000
21043.000	56967.000	792.000
82780.000	99713.000	794.000
-54998.000	89643.000	796.000
-59961.000	-5961.000	798.000
-5064.000	-140602.000	800.000
20593.000	-210791.000	802.000
210451.000	-127143.000	804.000
237409.000	-81985.000	806.000
187002.000	105160.000	808.000
168959.000	215525.000	810.000
94796.000	289540.000	812.000
18025.000	167379.000	814.000
34469.000	68210.000	816.000
52661.000	92214.000	818.000
59429.000	-36803.000	820.000
135942.000	-67303.000	822.000
11748.000	-75658.000	824.000
13403.000	-45995.000	826.000
-31510.000	56728.000	828.000
-27264.000	70862.000	830.000
-34.000	-12.000	832.000
473.000	840.000	834.000
4135.000	-598.000	836.000
-3913.000	6265.000	838.000
-3874.000	2087.000	840.000
3881.000	337.000	842.000
12249.000	6779.000	844.000
13614.000	35313.000	846.000
-4159.000	-244.000	848.000
-14615.000	6454.000	850.000
-10255.000	-1551.000	852.000
-33772.000	-3968.000	854.000
-28421.000	-59453.000	856.000
9203.000	-66773.000	858.000
-38537.000	-42607.000	860.000
7492.000	-24979.000	862.000
-47297.000	-12852.000	864.000
-62867.000	40747.000	866.000
30114.000	-20302.000	868.000
100430.000	-168846.000	870.000
224573.000	-128634.000	872.000
207063.000	-72189.000	874.000
244788.000	-40410.000	876.000
230498.000	75588.000	878.000
61135.000	95207.000	880.000
47571.000	105464.000	882.000
64219.000	94322.000	884.000
21443.000	139613.000	886.000
56499.000	143025.000	888.000
-5523.000	92615.000	890.000
-44463.000	81270.000	892.000
-118274.000	49360.000	894.000
43.000	0.000	896.000
-945.000	-492.000	898.000
-9379.000	-2757.000	900.000
-6785.000	-6294.000	902.000
4153.000	-5924.000	904.000
-8982.000	-7923.000	906.000
-18180.000	-27871.000	908.000
3544.000	-30768.000	910.000
-6697.000	19086.000	912.000
-11722.000	17714.000	914.000
-7269.000	11139.000	916.000
-25221.000	-7454.000	918.000
-144255.000	-71624.000	920.000
-111338.000	-80202.000	922.000
-37352.000	-108646.000	924.000
68624.000	-49568.000	926.000
102829.000	-14724.000	928.000
107954.000	37031.000	930.000
107489.000	127487.000	932.000
25813.000	49176.000	934.000
112130.000	-38424.000	936.000
108125.000	-15345.000	938.000
58022.000	-89815.000	940.000
44795.000	74462.000	942.000
98811.000	150598.000	944.000
28055.000	142292.000	946.000
-23907.000	-40461.000	948.000
-14649.000	-185103.000	950.000
31483.000	-194646.000	952.000
26749.000	-152827.000	954.000
26729.000	-36536.000	956.000
-63895.000	48616.000	958.000
-13.000	63.000	960.000
79.000	-1152.000	962.000
-1045.000	-4814.000	964.000
10610.000	728.000	966.000
13004.000	3549.000	968.000
14160.000	-9171.000	970.000
17194.000	-40099.000	972.000
17533.000	5870.000	974.000
-6351.000	-9692.000	976.000
-7009.000	-1204.000	978.000
-12285.000	3836.000	980.000
-4290.000	-10534.000	982.000
-19240.000	-41797.000	984.000
-16945.000	-14317.000	986.000
-20122.000	-15485.000	988.000
50450.000	-42576.000	990.000
53313.000	-46904.000	992.000
69196.000	-68063.000	994.000
10474.000	-62033.000	996.000
41321.000	-33739.000	998.000
89418.000	-87094.000	1000.000
12458.000	-113234.000	1002.000
132156.000	-106579.000	1004.000
235168.000	61677.000	1006.000
204476.000	165165.000	1008.000
114690.000	130652.000	1010.000
5007.000	192806.000	1012.000
-97899.000	55956.000	1014.000
-170717.000	-80637.000	1016.000
-36990.000	5048.000	1018.000
-10902.000	35245.000	1020.000
29715.000	22212.000	1022.000
25.000	11.000	1024.000
-254.000	-432.000	1026.000
1469.000	-3853.000	1028.000
825.000	903.000	1030.000
-7410.000	-4911.000	1032.000
-25083.000	2905.000	1034.000
-18952.000	33718.000	1036.000
-14323.000	8938.000	1038.000
28006.000	-20963.000	1040.000
33550.000	-1310.000	1042.000
44295.000	22595.000	1044.000
62089.000	36378.000	1046.000
86369.000	81509.000	1048.000
-8013.000	97807.000	1050.000
-103565.000	9733.000	1052.000
-172971.000	-28073.000	1054.000
-34015.000	-151486.000	1056.000
60893.000	-157344.000	1058.000
151343.000	-32640.000	1060.000
105465.000	49803.000	1062.000
95482.000	78626.000	1064.000
90441.000	125676.000	1066.000
-50591.000	38046.000	1068.000
-34042.000	21314.000	1070.000
-22923.000	-42196.000	1072.000
68282.000	-29698.000	1074.000
93102.000	34077.000	1076.000
77159.000	85046.000	1078.000
-1940.000	18693.000	1080.000
-103313.000	54525.000	1082.000
-110296.000	42710.000	1084.000
-81746.000	-43312.000	1086.000
4.000	26.000	1088.000
-1172.000	-288.000	1090.000
-1433.000	-564.000	1092.000
-6048.000	-4964.000	1094.000
-2906.000	-3835.000	1096.000
-10457.000	-12564.000	1098.000
-25034.000	-16046.000	1100.000
-796.000	-20676.000	1102.000
21246.000	-6214.000	1104.000
14034.000	14815.000	1106.000
17087.000	26624.000	1108.000
42640.000	36809.000	1110.000
6471.000	123599.000	1112.000
-89245.000	111853.000	1114.000
-17384.000	-250.000	1116.000
-7667.000	-100263.000	1118.000
-4761.000	-134896.000	1120.000
-65026.000	-94154.000	1122.000
-11836.000	-134953.000	1124.000
9047.000	-67283.000	1126.000
88034.000	7791.000	1128.000
151822.000	-22817.000	1130.000
133287.000	2431.000	1132.000
116335.000	48649.000	1134.000
63103.000	78155.000	1136.000
2872.000	81682.000	1138.000
-75406.000	39003.000	1140.000
-67240.000	-33155.000	1142.000
-25965.000	-10400.000	1144.000
-6043.000	-30984.000	1146.000
44100.000	26556.000	1148.000
-25887.000	64594.000	1150.000
-4.000	-35.000	1152.000
-873.000	575.000	1154.000
-1460.000	10756.000	1156.000
-5229.000	-13324.000	1158.000
-4515.000	-13722.000	1160.000
-18048.000	-7877.000	1162.000
-29322.000	-28063.000	1164.000
-1187.000	-26750.000	1166.000
1944.000	10831.000	1168.000
20702.000	8369.000	1170.000
-23354.000	1425.000	1172.000
-50852.000	9870.000	1174.000
-96049.000	-17503.000	1176.000
-193203.000	-59953.000	1178.000
-20034.000	-161897.000	1180.000
131165.000	-85075.000	1182.000
119365.000	-47826.000	1184.000
126413.000	36748.000	1186.000
17011.000	47693.000	1188.000
67539.000	-16341.000	1190.000
80945.000	13415.000	1192.000
43250.000	93795.000	1194.000
48110.000	-2555.000	1196.000
66340.000	-10303.000	1198.000
70941.000	-1381.000	1200.000
78553.000	45024.000	1202.000
71329.000	84085.000	1204.000
-4963.000	53569.000	1206.000
-103580.000	45075.000	1208.000
-135069.000	27707.000	1210.000
-98767.000	-31160.000	1212.000
15837.000	-120611.000	1214.000
39.000	60.000	1216.000
-1189.000	-1938.000	1218.000
5787.000	881.000	1220.000
-24.000	-2869.000	1222.000
3346.000	4006.000	1224.000
6206.000	2201.000	1226.000
4116.000	-38213.000	1228.000
-5635.000	-30951.000	1230.000
-8141.000	11726.000	1232.000
5169.000	3651.000	1234.000
-34260.000	10777.000	1236.000
-10325.000	7051.000	1238.000
-79966.000	-16686.000	1240.000
-3283.000	-23517.000	1242.000
42937.000	29412.000	1244.000
-15904.000	33322.000	1246.000
10458.000	21524.000	1248.000
-8351.000	-21771.000	1250.000
-5298.000	-101868.000	1252.000
8462.000	-69339.000	1254.000
41361.000	-95277.000	1256.000
115644.000	-63103.000	1258.000
93307.000	58008.000	1260.000
127092.000	88764.000	1262.000
27208.000	99037.000	1264.000
21582.000	25443.000	1266.000
-5242.000	-14865.000	1268.000
46751.000	-29039.000	1270.000
26719.000	-28146.000	1272.000
-14777.000	45988.000	1274.000
-41582.000	36548.000	1276.000
-49282.000	18945.000	1278.000
-36.000	49.000	1280.000
735.000	-513.000	1282.000
7740.000	-10766.000	1284.000
3502.000	-5834.000	1286.000
1440.000	5809.000	1288.000
13048.000	9260.000	1290.000
14224.000	17407.000	1292.000
9497.000	22413.000	1294.000
-518.000	-3663.000	1296.000
-4165.000	6663.000	1298.000
26271.000	-8508.000	1300.000
-6633.000	-43833.000	1302.000
38801.000	-41039.000	1304.000
70282.000	60638.000	1306.000
1781.000	111585.000	1308.000
10296.000	99899.000	1310.000
-54467.000	25282.000	1312.000
-31626.000	-64352.000	1314.000
59076.000	-138907.000	1316.000
161252.000	-112947.000	1318.000
145663.000	78242.000	1320.000
25229.000	149203.000	1322.000
-69379.000	126063.000	1324.000
-153732.000	90787.000	1326.000
-120281.000	-54215.000	1328.000
-19591.000	-134590.000	1330.000
80949.000	-65039.000	1332.000
151676.000	43502.000	1334.000
61389.000	69987.000	1336.000
8936.000	134806.000	1338.000
-32101.000	54106.000	1340.000
-109654.000	-77313.000	1342.000
8.000	36.000	1344.000
-78.000	-168.000	1346.000
-2947.000	56.000	1348.000
-3669.000	4803.000	1350.000
-74.000	2966.000	1352.000
10665.000	1732.000	1354.000
-5319.000	17719.000	1356.000
-5045.000	2542.000	1358.000
11219.000	-4852.000	1360.000
-6107.000	-7027.000	1362.000
5112.000	-22498.000	1364.000
19757.000	8913.000	1366.000
27637.000	26987.000	1368.000
45804.000	3923.000	1370.000
49016.000	42745.000	1372.000
-30285.000	31678.000	1374.000
-33339.000	-58442.000	1376.000
-25629.000	-53129.000	1378.000
-965.000	-64303.000	1380.000
83630.000	-50319.000	1382.000
54496.000	-29456.000	1384.000
6424.000	13745.000	1386.000
59769.000	35859.000	1388.000
-100170.000	7147.000	1390.000
-66859.000	-120921.000	1392.000
54776.000	-51614.000	1394.000
-18235.000	13610.000	1396.000
42782.000	62902.000	1398.000
-38572.000	64476.000	1400.000
-85493.000	-22262.000	1402.000
-41191.000	18718.000	1404.000
-34350.000	69851.000	1406.000
24.000	19.000	1408.000
-1114.000	-553.000	1410.000
8129.000	1691.000	1412.000
3570.000	3967.000	1414.000
978.000	8801.000	1416.000
-2276.000	-1136.000	1418.000
40156.000	-2958.000	1420.000
21804.000	275.000	1422.000
-9849.000	-16247.000	1424.000
-5789.000	1600.000	1426.000
-1170.000	-26270.000	1428.000
-241.000	-36886.000	1430.000
-31788.000	-81273.000	1432.000
25823.000	-65922.000	1434.000
104429.000	6965.000	1436.000
110943.000	24565.000	1438.000
23186.000	43198.000	1440.000
-8236.000	33671.000	1442.000
-34972.000	52300.000	1444.000
-22798.000	22003.000	1446.000
55545.000	-56508.000	1448.000
18503.000	5734.000	1450.000
67807.000	126245.000	1452.000
-17893.000	110864.000	1454.000
-23002.000	14048.000	1456.000
-63888.000	54869.000	1458.000
-99422.000	-45162.000	1460.000
36646.000	-132433.000	1462.000
22400.000	-40310.000	1464.000
45376.000	44474.000	1466.000
-28356.000	5718.000	1468.000
-96545.000	87564.000	1470.000
-40.000	14.000	1472.000
1167.000	-288.000	1474.000
-6235.000	-9988.000	1476.000
8407.000	5251.000	1478.000
1994.000	16195.000	1480.000
3334.000	17897.000	1482.000
-959.000	42482.000	1484.000
4639.000	15577.000	1486.000
-1499.000	-12417.000	1488.000
7037.000	-30756.000	1490.000
30412.000	-20939.000	1492.000
-8937.000	-41805.000	1494.000
129882.000	-7931.000	1496.000
153493.000	2262.000	1498.000
-29386.000	134753.000	1500.000
-76914.000	94716.000	1502.000
-93943.000	-10801.000	1504.000
-45292.000	-90128.000	1506.000
56922.000	-148681.000	1508.000
51850.000	-71073.000	1510.000
105194.000	-58718.000	1512.000
84154.000	-16480.000	1514.000
-32630.000	66323.000	1516.000
-32864.000	-6134.000	1518.000
-78565.000	18001.000	1520.000
-79681.000	-57716.000	1522.000
34039.000	15309.000	1524.000
120640.000	97332.000	1526.000
-10933.000	119368.000	1528.000
-1584.000	35754.000	1530.000
-43384.000	46438.000	1532.000
-70111.000	45136.000	1534.000
0.000	6.000	1536.000
530.000	16.000	1538.000
14911.000	-3088.000	1540.000
8099.000	4219.000	1542.000
8179.000	14625.000	1544.000
10368.000	8560.000	1546.000
15752.000	-12325.000	1548.000
33334.000	-22973.000	1550.000
-2523.000	-2210.000	1552.000
-7342.000	-31877.000	1554.000
9699.000	-28948.000	1556.000
-9793.000	-27654.000	1558.000
-32648.000	48159.000	1560.000
-41330.000	31211.000	1562.000
-62098.000	-67953.000	1564.000
17880.000	-90620.000	1566.000
72214.000	-26220.000	1568.000
85916.000	-37429.000	1570.000
132647.000	-1263.000	1572.000
53759.000	25194.000	1574.000
-25154.000	85963.000	1576.000
-53873.000	52166.000	1578.000
-23334.000	47857.000	1580.000
-19701.000	-110120.000	1582.000
49793.000	-94054.000	1584.000
135629.000	-29772.000	1586.000
70544.000	107820.000	1588.000
8787.000	170360.000	1590.000
-71621.000	144382.000	1592.000
-135581.000	55466.000	1594.000
-132267.000	-88608.000	1596.000
-81702.000	-195268.000	1598.000
27.000	68.000	1600.000
-31.000	-1595.000	1602.000
-7599.000	416.000	1604.000
2446.000	-764.000	1606.000
9404.000	4724.000	1608.000
19585.000	-656.000	1610.000
30495.000	-28674.000	1612.000
27389.000	21545.000	1614.000
-2110.000	-887.000	1616.000
-31947.000	-15441.000	1618.000
-51456.000	-19731.000	1620.000
-84003.000	-10956.000	1622.000
32892.000	-63052.000	1624.000
95409.000	-29738.000	1626.000
127675.000	-59528.000	1628.000
123208.000	9409.000	1630.000
24003.000	-54742.000	1632.000
-18221.000	42065.000	1634.000
-43128.000	-70815.000	1636.000
-2175.000	-4683.000	1638.000
53902.000	108205.000	1640.000
90341.000	100304.000	1642.000
105270.000	74376.000	1644.000
116377.000	55991.000	1646.000
-16561.000	45482.000	1648.000
-26861.000	-99553.000	1650.000
-4790.000	-55372.000	1652.000
-57477.000	-66336.000	1654.000
-52700.000	-3105.000	1656.000
3590.000	59085.000	1658.000
224.000	140434.000	1660.000
-23638.000	22117.000	1662.000
14.000	15.000	1664.000
-352.000	412.000	1666.000
-4218.000	-272.000	1668.000
-12615.000	-3593.000	1670.000
-2743.000	-8120.000	1672.000
-2046.000	-13588.000	1674.000
-22181.000	-42010.000	1676.000
2305.000	-13065.000	1678.000
20380.000	-456.000	1680.000
-1824.000	-2068.000	1682.000
-14103.000	11994.000	1684.000
-30760.000	18315.000	1686.000
6952.000	94319.000	1688.000
-57364.000	55433.000	1690.000
62611.000	-81548.000	1692.000
108885.000	1752.000	1694.000
92234.000	-74991.000	1696.000
63353.000	-5389.000	1698.000
34542.000	15023.000	1700.000
-73305.000	-68235.000	1702.000
-31704.000	-20255.000	1704.000
-43321.000	-43276.000	1706.000
108483.000	-25596.000	1708.000
63124.000	-31735.000	1710.000
87745.000	55238.000	1712.000
91250.000	117870.000	1714.000
6401.000	115075.000	1716.000
-114453.000	36037.000	1718.000
-59285.000	-103579.000	1720.000
-57098.000	23311.000	1722.000
-131010.000	-18389.000	1724.000
-42818.000	-6744.000	1726.000
15.000	58.000	1728.000
352.000	-1170.000	1730.000
-10647.000	-6612.000	1732.000
4614.000	-629.000	1734.000
9489.000	7050.000	1736.000
13450.000	-15451.000	1738.000
56055.000	-8478.000	1740.000
30845.000	3903.000	1742.000
-27481.000	-258.000	1744.000
-11502.000	-1981.000	1746.000
-29712.000	-8846.000	1748.000
-2891.000	-70660.000	1750.000
40114.000	-49634.000	1752.000
74422.000	-62321.000	1754.000
148920.000	54276.000	1756.000
-30029.000	171181.000	1758.000
6959.000	104959.000	1760.000
-131272.000	22132.000	1762.000
-121182.000	-53847.000	1764.000
-61591.000	-83919.000	1766.000
30444.000	-49954.000	1768.000
123257.000	30618.000	1770.000
119296.000	9265.000	1772.000
172467.000	73678.000	1774.000
14261.000	77098.000	1776.000
-117603.000	29018.000	1778.000
-138921.000	-25181.000	1780.000
-117627.000	-21139.000	1782.000
-29186.000	46285.000	1784.000
36374.000	52449.000	1786.000
88674.000	120458.000	1788.000
-587.000	96591.000	1790.000
-58.000	76.000	1792.000
1672.000	-952.000	1794.000
1285.000	2351.000	1796.000
-2373.000	-942.000	1798.000
-2919.000	2660.000	1800.000
2788.000	-5835.000	1802.000
1972.000	-17550.000	1804.000
2897.000	4493.000	1806.000
8473.000	5424.000	1808.000
-166.000	8125.000	1810.000
-36407.000	7791.000	1812.000
-25845.000	24337.000	1814.000
-73532.000	19793.000	1816.000
-10436.000	-13662.000	1818.000
3957.000	-30792.000	1820.000
-7529.000	4277.000	1822.000
7655.000	42725.000	1824.000
9696.000	-9991.000	1826.000
7151.000	62087.000	1828.000
-40532.000	-29278.000	1830.000
11499.000	-41882.000	1832.000
43669.000	-34482.000	1834.000
970.000	-86192.000	1836.000
-29594.000	-108.000	1838.000
-66544.000	1918.000	1840.000
-37636.000	-4409.000	1842.000
-16323.000	24706.000	1844.000
-77214.000	41551.000	1846.000
8925.000	-4769.000	1848.000
89138.000	-6607.000	1850.000
22481.000	-31776.000	1852.000
-23787.000	46284.000	1854.000
-1.000	-8.000	1856.000
-416.000	108.000	1858.000
1607.000	-8642.000	1860.000
282.000	3016.000	1862.000
5784.000	5801.000	1864.000
2455.000	-6902.000	1866.000
-1781.000	8352.000	1868.000
-41953.000	17783.000	1870.000
7264.000	-6198.000	1872.000
5434.000	-28473.000	1874.000
12581.000	-30702.000	1876.000
58465.000	-42956.000	1878.000
82167.000	-36467.000	1880.000
77484.000	26424.000	1882.000
119976.000	4605.000	1884.000
365.000	82368.000	1886.000
-137447.000	49858.000	1888.000
-146886.000	-12952.000	1890.000
-125791.000	-96806.000	1892.000
-14184.000	-64175.000	1894.000
88413.000	-71308.000	1896.000
158462.000	130515.000	1898.000
34034.000	146864.000	1900.000
38634.000	162735.000	1902.000
-77644.000	89499.000	1904.000
-119682.000	-48450.000	1906.000
-36096.000	-139021.000	1908.000
41337.000	-116522.000	1910.000
177545.000	-57860.000	1912.000
159739.000	26534.000	1914.000
50143.000	35833.000	1916.000
-65768.000	62629.000	1918.000
20.000	20.000	1920.000
-111.000	-673.000	1922.000
710.000	14773.000	1924.000
-5138.000	5298.000	1926.000
-5571.000	-3506.000	1928.000
-2261.000	1908.000	1930.000
-17141.000	-30107.000	1932.000
636.000	-17531.000	1934.000
29528.000	3084.000	1936.000
19413.000	3337.000	1938.000
-15993.000	15092.000	1940.000
-39266.000	48244.000	1942.000
-26791.000	85757.000	1944.000
-29356.000	131822.000	1946.000
21528.000	-9814.000	1948.000
53917.000	-9489.000	1950.000
25477.000	-27211.000	1952.000
80838.000	93512.000	1954.000
13351.000	-630.000	1956.000
34595.000	888.000	1958.000
-660.000	6722.000	1960.000
-13770.000	-5275.000	1962.000
61849.000	-39130.000	1964.000
16501.000	-69546.000	1966.000
-4929.000	7724.000	1968.000
44286.000	41065.000	1970.000
-13551.000	746.000	1972.000
-26138.000	23569.000	1974.000
-35370.000	-18992.000	1976.000
-11993.000	-23874.000	1978.000
-26792.000	-130223.000	1980.000
44215.000	-23158.000	1982.000
12.000	-67.000	1984.000
-70.000	1235.000	1986.000
10249.000	4166.000	1988.000
-7183.000	7929.000	1990.000
-17151.000	-4737.000	1992.000
-21332.000	2026.000	1994.000
-14510.000	14536.000	1996.000
-40635.000	-9995.000	1998.000
22625.000	-20584.000	2000.000
60069.000	12273.000	2002.000
29239.000	-9504.000	2004.000
22473.000	48958.000	2006.000
38098.000	97896.000	2008.000
57365.000	124216.000	2010.000
-59896.000	31698.000	2012.000
-100602.000	16537.000	2014.000
-96862.000	-98881.000	2016.000
42485.000	-127141.000	2018.000
94251.000	-86058.000	2020.000
88803.000	-18.000	2022.000
82355.000	95636.000	2024.000
-31224.000	133325.000	2026.000
-125265.000	34640.000	2028.000
13297.000	-76861.000	2030.000
-22264.000	-94169.000	2032.000
89122.000	-97435.000	2034.000
91807.000	-26411.000	2036.000
-4809.000	39681.000	2038.000
-19323.000	81526.000	2040.000
-120665.000	96261.000	2042.000
-186506.000	40722.000	2044.000
-42396.000	-36317.000	2046.000
