Y columns by X rows

X Values:-5,-4.800000e+00,-4.600000e+00,-4.400000e+00,-4.200000e+00,-4,-3.800000e+00,-3.600000e+00,-3.400000e+00,-3.200000e+00,-3,-2.800000e+00,-2.600000e+00,-2.400000e+00,-2.200000e+00,-2,-1.800000e+00,-1.600000e+00,-1.400000e+00,-1.200000e+00,-1,-8.000000e-01,-6.000000e-01,-4.000000e-01,-2.000000e-01,0,2.000000e-01,4.000000e-01,6.000000e-01,8.000000e-01,1,1.200000e+00,1.400000e+00,1.600000e+00,1.800000e+00,2,2.200000e+00,2.400000e+00,2.600000e+00,2.800000e+00,3,3.200000e+00,3.400000e+00,3.600000e+00,3.800000e+00,4,4.200000e+00,4.400000e+00,4.600000e+00,4.800000e+00,5,

Y Values:-5,-4.800000e+00,-4.600000e+00,-4.400000e+00,-4.200000e+00,-4,-3.800000e+00,-3.600000e+00,-3.400000e+00,-3.200000e+00,-3,-2.800000e+00,-2.600000e+00,-2.400000e+00,-2.200000e+00,-2,-1.800000e+00,-1.600000e+00,-1.400000e+00,-1.200000e+00,-1,-8.000000e-01,-6.000000e-01,-4.000000e-01,-2.000000e-01,0,2.000000e-01,4.000000e-01,6.000000e-01,8.000000e-01,1,1.200000e+00,1.400000e+00,1.600000e+00,1.800000e+00,2,2.200000e+00,2.400000e+00,2.600000e+00,2.800000e+00,3,3.200000e+00,3.400000e+00,3.600000e+00,3.800000e+00,4,4.200000e+00,4.400000e+00,4.600000e+00,4.800000e+00,5,

1.124761e+03,1.131950e+03,1.136032e+03,1.130917e+03,1.125771e+03,1.122260e+03,1.110407e+03,1.096566e+03,1.077007e+03,1.069678e+03,1.053094e+03,1.036083e+03,1.020564e+03,1.003405e+03,9.945560e+02,9.811564e+02,9.700017e+02,9.604033e+02,9.559818e+02,9.479393e+02,9.471217e+02,9.465020e+02,9.472417e+02,9.503620e+02,9.542118e+02,9.594114e+02,9.660567e+02,9.745609e+02,9.843664e+02,9.962881e+02,1.008961e+03,1.024280e+03,1.040464e+03,1.059670e+03,1.077888e+03,1.104690e+03,1.130223e+03,1.155719e+03,1.183963e+03,1.200294e+03,1.224319e+03,1.244472e+03,1.258399e+03,1.264551e+03,1.267218e+03,1.262436e+03,1.256285e+03,1.239186e+03,1.214970e+03,1.189717e+03,1.154317e+03,
1.168846e+03,1.174743e+03,1.178287e+03,1.180218e+03,1.174014e+03,1.165182e+03,1.152729e+03,1.141536e+03,1.125776e+03,1.109204e+03,1.091358e+03,1.073654e+03,1.059280e+03,1.037768e+03,1.028185e+03,1.013524e+03,1.001008e+03,9.915412e+02,9.842110e+02,9.799876e+02,9.741854e+02,9.745423e+02,9.754767e+02,9.783415e+02,9.828436e+02,9.886550e+02,9.957071e+02,1.003893e+03,1.012564e+03,1.023499e+03,1.038261e+03,1.054442e+03,1.069929e+03,1.091221e+03,1.115278e+03,1.139807e+03,1.168439e+03,1.195840e+03,1.224611e+03,1.244026e+03,1.268605e+03,1.289506e+03,1.306482e+03,1.315150e+03,1.318187e+03,1.314384e+03,1.302490e+03,1.283184e+03,1.257738e+03,1.228068e+03,1.193874e+03,
1.214398e+03,1.221979e+03,1.225776e+03,1.224580e+03,1.219029e+03,1.208477e+03,1.195868e+03,1.182497e+03,1.157029e+03,1.139890e+03,1.130188e+03,1.111356e+03,1.092706e+03,1.074414e+03,1.059189e+03,1.042794e+03,1.030277e+03,1.022391e+03,1.013516e+03,1.008111e+03,1.004968e+03,1.002725e+03,1.003052e+03,1.006211e+03,1.010019e+03,1.016109e+03,1.021713e+03,1.032311e+03,1.039910e+03,1.051816e+03,1.066485e+03,1.083991e+03,1.101968e+03,1.124018e+03,1.149688e+03,1.174636e+03,1.203107e+03,1.234956e+03,1.259149e+03,1.286222e+03,1.313621e+03,1.336274e+03,1.350869e+03,1.360796e+03,1.365926e+03,1.361595e+03,1.348297e+03,1.328101e+03,1.301432e+03,1.268420e+03,1.235039e+03,
1.257560e+03,1.266329e+03,1.265692e+03,1.268159e+03,1.261685e+03,1.251142e+03,1.236432e+03,1.220019e+03,1.205137e+03,1.178091e+03,1.168246e+03,1.148427e+03,1.128165e+03,1.108942e+03,1.093595e+03,1.077441e+03,1.063602e+03,1.049181e+03,1.043071e+03,1.035708e+03,1.031030e+03,1.029013e+03,1.029814e+03,1.032475e+03,1.035653e+03,1.042291e+03,1.048444e+03,1.057187e+03,1.067792e+03,1.079318e+03,1.094761e+03,1.112428e+03,1.132441e+03,1.150608e+03,1.177180e+03,1.208753e+03,1.238341e+03,1.272647e+03,1.297254e+03,1.327674e+03,1.356131e+03,1.379931e+03,1.395536e+03,1.406380e+03,1.410835e+03,1.407859e+03,1.397669e+03,1.375892e+03,1.346853e+03,1.312251e+03,1.273532e+03,
1.299233e+03,1.306463e+03,1.311651e+03,1.309862e+03,1.302198e+03,1.291187e+03,1.277455e+03,1.252312e+03,1.242706e+03,1.222415e+03,1.199830e+03,1.179870e+03,1.155293e+03,1.142724e+03,1.119119e+03,1.107898e+03,1.092834e+03,1.079280e+03,1.068951e+03,1.062183e+03,1.055304e+03,1.053601e+03,1.055217e+03,1.057019e+03,1.061699e+03,1.067144e+03,1.074929e+03,1.081246e+03,1.092073e+03,1.105707e+03,1.120351e+03,1.138030e+03,1.154423e+03,1.184406e+03,1.204963e+03,1.237351e+03,1.269861e+03,1.304388e+03,1.335919e+03,1.367328e+03,1.402647e+03,1.419310e+03,1.439603e+03,1.450353e+03,1.461273e+03,1.454358e+03,1.437413e+03,1.414881e+03,1.384634e+03,1.347597e+03,1.307595e+03,
1.339387e+03,1.348271e+03,1.347920e+03,1.349363e+03,1.342407e+03,1.329907e+03,1.305201e+03,1.298622e+03,1.277459e+03,1.256491e+03,1.234965e+03,1.215233e+03,1.186912e+03,1.168614e+03,1.155293e+03,1.135069e+03,1.118664e+03,1.106765e+03,1.095797e+03,1.085599e+03,1.081642e+03,1.079460e+03,1.079213e+03,1.081284e+03,1.083345e+03,1.089797e+03,1.096147e+03,1.105870e+03,1.116645e+03,1.130109e+03,1.144773e+03,1.163854e+03,1.182428e+03,1.208868e+03,1.237902e+03,1.270286e+03,1.304396e+03,1.332202e+03,1.368695e+03,1.403343e+03,1.434151e+03,1.460491e+03,1.479037e+03,1.491361e+03,1.502309e+03,1.491902e+03,1.477466e+03,1.453045e+03,1.421870e+03,1.383084e+03,1.345504e+03,
1.375942e+03,1.385636e+03,1.385285e+03,1.387108e+03,1.378925e+03,1.366583e+03,1.350310e+03,1.333168e+03,1.311946e+03,1.292506e+03,1.267510e+03,1.246118e+03,1.217099e+03,1.197694e+03,1.184026e+03,1.164284e+03,1.145986e+03,1.131335e+03,1.120217e+03,1.109000e+03,1.105221e+03,1.101667e+03,1.101215e+03,1.102519e+03,1.106860e+03,1.111210e+03,1.118731e+03,1.127539e+03,1.136699e+03,1.151246e+03,1.167723e+03,1.186742e+03,1.210182e+03,1.231338e+03,1.263174e+03,1.295834e+03,1.333286e+03,1.369309e+03,1.404890e+03,1.444219e+03,1.477078e+03,1.503466e+03,1.524031e+03,1.528685e+03,1.533627e+03,1.528438e+03,1.513752e+03,1.487165e+03,1.455234e+03,1.417323e+03,1.383488e+03,
1.411078e+03,1.420986e+03,1.420690e+03,1.422004e+03,1.413509e+03,1.401040e+03,1.383524e+03,1.365168e+03,1.344278e+03,1.310369e+03,1.292360e+03,1.276538e+03,1.253113e+03,1.229702e+03,1.207766e+03,1.189460e+03,1.169396e+03,1.153965e+03,1.143475e+03,1.133349e+03,1.126551e+03,1.122775e+03,1.121796e+03,1.123541e+03,1.125836e+03,1.130988e+03,1.138066e+03,1.146550e+03,1.158007e+03,1.172436e+03,1.188811e+03,1.208020e+03,1.232672e+03,1.256717e+03,1.290605e+03,1.324959e+03,1.361867e+03,1.398717e+03,1.440292e+03,1.476508e+03,1.510164e+03,1.527777e+03,1.551198e+03,1.565685e+03,1.569535e+03,1.563432e+03,1.546233e+03,1.528764e+03,1.493049e+03,1.454683e+03,1.408925e+03,
1.444935e+03,1.452245e+03,1.452024e+03,1.454106e+03,1.446405e+03,1.432025e+03,1.414355e+03,1.395016e+03,1.377426e+03,1.352588e+03,1.326806e+03,1.303673e+03,1.273837e+03,1.256921e+03,1.236649e+03,1.214175e+03,1.194992e+03,1.177974e+03,1.164685e+03,1.154423e+03,1.145293e+03,1.142462e+03,1.141305e+03,1.141949e+03,1.145246e+03,1.148672e+03,1.155862e+03,1.164614e+03,1.175990e+03,1.190213e+03,1.207261e+03,1.228489e+03,1.253464e+03,1.282518e+03,1.309391e+03,1.347585e+03,1.386545e+03,1.426424e+03,1.469807e+03,1.506228e+03,1.530828e+03,1.561427e+03,1.584963e+03,1.597290e+03,1.601099e+03,1.603959e+03,1.581280e+03,1.554149e+03,1.518777e+03,1.477851e+03,1.435359e+03,
1.472509e+03,1.483349e+03,1.483454e+03,1.484538e+03,1.475722e+03,1.460984e+03,1.443716e+03,1.426216e+03,1.403170e+03,1.378546e+03,1.353203e+03,1.329016e+03,1.305021e+03,1.275239e+03,1.260825e+03,1.239328e+03,1.217916e+03,1.199240e+03,1.184668e+03,1.172513e+03,1.166857e+03,1.160436e+03,1.158186e+03,1.158615e+03,1.160942e+03,1.166610e+03,1.173009e+03,1.181035e+03,1.192678e+03,1.206436e+03,1.224187e+03,1.246306e+03,1.271767e+03,1.302462e+03,1.336348e+03,1.369433e+03,1.410622e+03,1.451118e+03,1.495532e+03,1.521552e+03,1.557791e+03,1.590873e+03,1.614504e+03,1.627836e+03,1.641773e+03,1.627221e+03,1.610588e+03,1.582882e+03,1.546540e+03,1.508488e+03,1.465100e+03,
1.500100e+03,1.507477e+03,1.513754e+03,1.510983e+03,1.501018e+03,1.477831e+03,1.470227e+03,1.438415e+03,1.430836e+03,1.405754e+03,1.380090e+03,1.353092e+03,1.329270e+03,1.307725e+03,1.282113e+03,1.260371e+03,1.238974e+03,1.219951e+03,1.203489e+03,1.191273e+03,1.181999e+03,1.176354e+03,1.174258e+03,1.174411e+03,1.177208e+03,1.179957e+03,1.187320e+03,1.196488e+03,1.208863e+03,1.223517e+03,1.241431e+03,1.263492e+03,1.285807e+03,1.318528e+03,1.354465e+03,1.393068e+03,1.433598e+03,1.474464e+03,1.516176e+03,1.547115e+03,1.583884e+03,1.618337e+03,1.641855e+03,1.654902e+03,1.670992e+03,1.661486e+03,1.638363e+03,1.611181e+03,1.574320e+03,1.529964e+03,1.484538e+03,
1.524743e+03,1.535661e+03,1.539133e+03,1.536060e+03,1.527403e+03,1.512296e+03,1.493794e+03,1.473601e+03,1.454061e+03,1.429026e+03,1.402395e+03,1.376322e+03,1.349180e+03,1.323064e+03,1.299362e+03,1.274042e+03,1.258104e+03,1.238041e+03,1.220753e+03,1.207334e+03,1.198245e+03,1.190483e+03,1.188377e+03,1.187977e+03,1.189978e+03,1.194568e+03,1.200133e+03,1.209053e+03,1.220925e+03,1.236450e+03,1.255471e+03,1.277778e+03,1.304689e+03,1.331901e+03,1.371637e+03,1.411356e+03,1.452864e+03,1.498127e+03,1.530270e+03,1.572018e+03,1.610946e+03,1.643371e+03,1.666551e+03,1.680579e+03,1.693473e+03,1.678500e+03,1.662564e+03,1.633851e+03,1.595592e+03,1.556876e+03,1.509326e+03,
1.546580e+03,1.554746e+03,1.560616e+03,1.558296e+03,1.548948e+03,1.533820e+03,1.515707e+03,1.483417e+03,1.475090e+03,1.449795e+03,1.423714e+03,1.397839e+03,1.369655e+03,1.343127e+03,1.314487e+03,1.297787e+03,1.274172e+03,1.252656e+03,1.234958e+03,1.221406e+03,1.210976e+03,1.204844e+03,1.200584e+03,1.200432e+03,1.202114e+03,1.206458e+03,1.212906e+03,1.220739e+03,1.232654e+03,1.247649e+03,1.266844e+03,1.290465e+03,1.318943e+03,1.351242e+03,1.383884e+03,1.424170e+03,1.467751e+03,1.509516e+03,1.555428e+03,1.597872e+03,1.641776e+03,1.660409e+03,1.687218e+03,1.703088e+03,1.707281e+03,1.700676e+03,1.680819e+03,1.660525e+03,1.623906e+03,1.578856e+03,1.530705e+03,
1.567255e+03,1.577510e+03,1.576326e+03,1.571327e+03,1.563016e+03,1.555239e+03,1.536924e+03,1.514083e+03,1.477634e+03,1.457799e+03,1.443841e+03,1.415294e+03,1.388395e+03,1.361048e+03,1.335293e+03,1.313712e+03,1.288829e+03,1.267209e+03,1.249458e+03,1.234251e+03,1.222493e+03,1.215897e+03,1.211064e+03,1.209988e+03,1.211512e+03,1.215859e+03,1.221318e+03,1.230092e+03,1.241064e+03,1.258014e+03,1.277473e+03,1.301609e+03,1.330653e+03,1.362933e+03,1.401658e+03,1.442705e+03,1.479313e+03,1.527007e+03,1.569847e+03,1.614376e+03,1.654237e+03,1.685061e+03,1.704970e+03,1.722584e+03,1.727398e+03,1.720463e+03,1.701869e+03,1.672536e+03,1.635431e+03,1.595845e+03,1.549558e+03,
1.584966e+03,1.595823e+03,1.599893e+03,1.597136e+03,1.587439e+03,1.572554e+03,1.552823e+03,1.531924e+03,1.508056e+03,1.483106e+03,1.447356e+03,1.434184e+03,1.405756e+03,1.378777e+03,1.349841e+03,1.324101e+03,1.300764e+03,1.278527e+03,1.261772e+03,1.245652e+03,1.233039e+03,1.225103e+03,1.221233e+03,1.218749e+03,1.219796e+03,1.224021e+03,1.230431e+03,1.238631e+03,1.251424e+03,1.266797e+03,1.286397e+03,1.310203e+03,1.338999e+03,1.367455e+03,1.407730e+03,1.450977e+03,1.495093e+03,1.541800e+03,1.589283e+03,1.632631e+03,1.670770e+03,1.710831e+03,1.725065e+03,1.741232e+03,1.745031e+03,1.749735e+03,1.726304e+03,1.696831e+03,1.658099e+03,1.614475e+03,1.567810e+03,
1.601083e+03,1.611065e+03,1.610710e+03,1.612504e+03,1.603482e+03,1.589167e+03,1.569113e+03,1.547118e+03,1.523459e+03,1.485547e+03,1.475867e+03,1.447609e+03,1.418067e+03,1.389781e+03,1.362338e+03,1.334536e+03,1.315635e+03,1.292730e+03,1.270740e+03,1.254914e+03,1.242425e+03,1.234091e+03,1.228420e+03,1.227280e+03,1.227468e+03,1.230620e+03,1.237401e+03,1.246105e+03,1.258151e+03,1.273317e+03,1.289470e+03,1.314712e+03,1.345199e+03,1.380717e+03,1.422397e+03,1.467034e+03,1.512144e+03,1.561380e+03,1.598132e+03,1.644112e+03,1.681580e+03,1.716481e+03,1.742924e+03,1.769940e+03,1.772065e+03,1.755592e+03,1.737209e+03,1.707627e+03,1.668408e+03,1.623095e+03,1.572891e+03,
1.615837e+03,1.625876e+03,1.629567e+03,1.626299e+03,1.616710e+03,1.601386e+03,1.582813e+03,1.564887e+03,1.539279e+03,1.512833e+03,1.485545e+03,1.457762e+03,1.422155e+03,1.396669e+03,1.377319e+03,1.350567e+03,1.324462e+03,1.300301e+03,1.279526e+03,1.265371e+03,1.250147e+03,1.242312e+03,1.235373e+03,1.233365e+03,1.233407e+03,1.236559e+03,1.242870e+03,1.251662e+03,1.263211e+03,1.278406e+03,1.296189e+03,1.322320e+03,1.353634e+03,1.389674e+03,1.431270e+03,1.475986e+03,1.512784e+03,1.563167e+03,1.610831e+03,1.654562e+03,1.697705e+03,1.731744e+03,1.756809e+03,1.771683e+03,1.786118e+03,1.775066e+03,1.752278e+03,1.724346e+03,1.685534e+03,1.637388e+03,1.585977e+03,
1.627575e+03,1.638834e+03,1.641582e+03,1.639069e+03,1.628944e+03,1.613344e+03,1.580328e+03,1.575385e+03,1.539989e+03,1.526483e+03,1.498974e+03,1.470097e+03,1.441417e+03,1.413260e+03,1.385065e+03,1.357292e+03,1.331436e+03,1.310661e+03,1.287602e+03,1.269285e+03,1.255727e+03,1.246271e+03,1.240167e+03,1.237880e+03,1.238095e+03,1.240944e+03,1.246413e+03,1.255130e+03,1.267531e+03,1.283759e+03,1.302020e+03,1.328257e+03,1.354915e+03,1.391193e+03,1.437021e+03,1.483108e+03,1.531436e+03,1.582502e+03,1.619792e+03,1.666929e+03,1.708821e+03,1.743396e+03,1.769038e+03,1.783177e+03,1.787810e+03,1.780453e+03,1.770564e+03,1.736841e+03,1.699527e+03,1.652530e+03,1.600603e+03,
1.637848e+03,1.646664e+03,1.648899e+03,1.649717e+03,1.639121e+03,1.624000e+03,1.592786e+03,1.573602e+03,1.545934e+03,1.536920e+03,1.510537e+03,1.479952e+03,1.450769e+03,1.416573e+03,1.391595e+03,1.368912e+03,1.340548e+03,1.314818e+03,1.293155e+03,1.276253e+03,1.262665e+03,1.251581e+03,1.245453e+03,1.241181e+03,1.242322e+03,1.244905e+03,1.250416e+03,1.257873e+03,1.270328e+03,1.285822e+03,1.307041e+03,1.333047e+03,1.362802e+03,1.401289e+03,1.437763e+03,1.481220e+03,1.533017e+03,1.582014e+03,1.634151e+03,1.680252e+03,1.720828e+03,1.762483e+03,1.775360e+03,1.793395e+03,1.798101e+03,1.790733e+03,1.772295e+03,1.751722e+03,1.709431e+03,1.662942e+03,1.609813e+03,
1.650688e+03,1.657412e+03,1.662372e+03,1.659064e+03,1.648121e+03,1.619927e+03,1.617768e+03,1.594195e+03,1.569498e+03,1.542537e+03,1.515766e+03,1.492558e+03,1.461191e+03,1.433380e+03,1.403831e+03,1.372680e+03,1.345815e+03,1.321340e+03,1.299466e+03,1.282310e+03,1.265756e+03,1.254594e+03,1.248512e+03,1.245304e+03,1.244897e+03,1.247202e+03,1.252490e+03,1.260113e+03,1.272442e+03,1.288745e+03,1.309128e+03,1.335731e+03,1.368050e+03,1.398454e+03,1.443445e+03,1.491742e+03,1.543586e+03,1.593894e+03,1.642880e+03,1.679319e+03,1.724513e+03,1.760399e+03,1.787206e+03,1.814759e+03,1.816795e+03,1.809684e+03,1.791420e+03,1.760131e+03,1.718569e+03,1.674930e+03,1.620702e+03,
1.655914e+03,1.663711e+03,1.670293e+03,1.667379e+03,1.657436e+03,1.642063e+03,1.622336e+03,1.599896e+03,1.561643e+03,1.554600e+03,1.526551e+03,1.496821e+03,1.467575e+03,1.436864e+03,1.407633e+03,1.378323e+03,1.350538e+03,1.324916e+03,1.304405e+03,1.286827e+03,1.270427e+03,1.258092e+03,1.250784e+03,1.247194e+03,1.247173e+03,1.250133e+03,1.253650e+03,1.261822e+03,1.272990e+03,1.289874e+03,1.309786e+03,1.336884e+03,1.368338e+03,1.409371e+03,1.452810e+03,1.499388e+03,1.539683e+03,1.596205e+03,1.648662e+03,1.695056e+03,1.745384e+03,1.777924e+03,1.791035e+03,1.809535e+03,1.814892e+03,1.807614e+03,1.789615e+03,1.759489e+03,1.720478e+03,1.674646e+03,1.625954e+03,
1.662825e+03,1.674228e+03,1.670589e+03,1.673813e+03,1.665099e+03,1.650035e+03,1.631256e+03,1.608667e+03,1.582664e+03,1.555874e+03,1.534432e+03,1.503778e+03,1.472311e+03,1.442686e+03,1.412623e+03,1.382878e+03,1.358363e+03,1.330510e+03,1.306230e+03,1.286440e+03,1.272339e+03,1.261493e+03,1.253612e+03,1.249212e+03,1.248701e+03,1.251039e+03,1.256523e+03,1.264412e+03,1.275204e+03,1.290676e+03,1.308638e+03,1.335866e+03,1.369396e+03,1.410054e+03,1.455661e+03,1.502588e+03,1.544060e+03,1.599523e+03,1.651953e+03,1.699845e+03,1.749845e+03,1.769792e+03,1.798305e+03,1.816618e+03,1.820678e+03,1.826870e+03,1.803612e+03,1.773970e+03,1.734887e+03,1.689139e+03,1.633806e+03,
1.668794e+03,1.676239e+03,1.678597e+03,1.679215e+03,1.670523e+03,1.656298e+03,1.636492e+03,1.613031e+03,1.586858e+03,1.561518e+03,1.534081e+03,1.498285e+03,1.480436e+03,1.449903e+03,1.418159e+03,1.387547e+03,1.364712e+03,1.336180e+03,1.310708e+03,1.289803e+03,1.273142e+03,1.262079e+03,1.254263e+03,1.250182e+03,1.249610e+03,1.251975e+03,1.257698e+03,1.265381e+03,1.273843e+03,1.290725e+03,1.312533e+03,1.341016e+03,1.371913e+03,1.408142e+03,1.454611e+03,1.505577e+03,1.556768e+03,1.609992e+03,1.661111e+03,1.695228e+03,1.740950e+03,1.775870e+03,1.803958e+03,1.821583e+03,1.825439e+03,1.828331e+03,1.803643e+03,1.773310e+03,1.733032e+03,1.685472e+03,1.637192e+03,
1.674240e+03,1.684218e+03,1.687616e+03,1.684417e+03,1.674479e+03,1.658810e+03,1.639466e+03,1.617126e+03,1.592181e+03,1.571201e+03,1.540227e+03,1.511114e+03,1.480231e+03,1.449703e+03,1.416972e+03,1.389436e+03,1.366533e+03,1.337167e+03,1.311486e+03,1.290158e+03,1.273295e+03,1.263066e+03,1.255634e+03,1.251401e+03,1.250206e+03,1.252612e+03,1.258093e+03,1.264623e+03,1.276299e+03,1.291600e+03,1.312917e+03,1.341227e+03,1.375323e+03,1.412309e+03,1.451171e+03,1.503913e+03,1.558409e+03,1.610479e+03,1.663721e+03,1.698595e+03,1.743789e+03,1.779233e+03,1.808168e+03,1.824321e+03,1.829157e+03,1.822091e+03,1.814114e+03,1.782590e+03,1.739547e+03,1.690902e+03,1.638039e+03,
1.677466e+03,1.687558e+03,1.684618e+03,1.687759e+03,1.677304e+03,1.661650e+03,1.641922e+03,1.618914e+03,1.581694e+03,1.571489e+03,1.531147e+03,1.515320e+03,1.483374e+03,1.451604e+03,1.419598e+03,1.397570e+03,1.365745e+03,1.338175e+03,1.312158e+03,1.291560e+03,1.275239e+03,1.263009e+03,1.256240e+03,1.251740e+03,1.250804e+03,1.253114e+03,1.257841e+03,1.265544e+03,1.276122e+03,1.292488e+03,1.314525e+03,1.341911e+03,1.373548e+03,1.406410e+03,1.453411e+03,1.503397e+03,1.559309e+03,1.609510e+03,1.662029e+03,1.713583e+03,1.744162e+03,1.781477e+03,1.809250e+03,1.826849e+03,1.845413e+03,1.825996e+03,1.808191e+03,1.777699e+03,1.738394e+03,1.698121e+03,1.643703e+03,
1.680712e+03,1.689812e+03,1.693632e+03,1.689431e+03,1.668686e+03,1.665512e+03,1.644934e+03,1.621074e+03,1.596639e+03,1.574659e+03,1.545493e+03,1.515156e+03,1.485351e+03,1.454302e+03,1.424446e+03,1.394201e+03,1.364031e+03,1.338771e+03,1.316603e+03,1.293016e+03,1.278535e+03,1.264052e+03,1.255192e+03,1.251919e+03,1.250687e+03,1.252311e+03,1.257640e+03,1.266390e+03,1.277900e+03,1.292188e+03,1.314703e+03,1.335044e+03,1.369596e+03,1.407117e+03,1.454260e+03,1.506397e+03,1.558608e+03,1.612517e+03,1.651725e+03,1.704036e+03,1.747915e+03,1.785214e+03,1.811734e+03,1.827480e+03,1.831632e+03,1.826977e+03,1.808056e+03,1.777820e+03,1.747184e+03,1.701668e+03,1.644901e+03,
1.682286e+03,1.690909e+03,1.694848e+03,1.691396e+03,1.682184e+03,1.666557e+03,1.646192e+03,1.622647e+03,1.583346e+03,1.573694e+03,1.531535e+03,1.504692e+03,1.484861e+03,1.453747e+03,1.421569e+03,1.397074e+03,1.367371e+03,1.338322e+03,1.312796e+03,1.291410e+03,1.274902e+03,1.262309e+03,1.255146e+03,1.251011e+03,1.250590e+03,1.251999e+03,1.258097e+03,1.265176e+03,1.276771e+03,1.289914e+03,1.311861e+03,1.338115e+03,1.370836e+03,1.411601e+03,1.458556e+03,1.507232e+03,1.558957e+03,1.610484e+03,1.664910e+03,1.713549e+03,1.743286e+03,1.780509e+03,1.808222e+03,1.826666e+03,1.832098e+03,1.826244e+03,1.807825e+03,1.778578e+03,1.747868e+03,1.702512e+03,1.647954e+03,
1.683786e+03,1.689661e+03,1.694870e+03,1.691312e+03,1.681531e+03,1.665190e+03,1.645115e+03,1.622743e+03,1.597052e+03,1.575287e+03,1.544988e+03,1.514368e+03,1.483423e+03,1.459285e+03,1.426699e+03,1.394722e+03,1.363607e+03,1.336279e+03,1.311692e+03,1.290502e+03,1.274341e+03,1.265117e+03,1.255528e+03,1.250906e+03,1.249851e+03,1.252055e+03,1.256252e+03,1.264639e+03,1.275243e+03,1.291227e+03,1.312517e+03,1.340976e+03,1.371309e+03,1.410673e+03,1.451771e+03,1.502609e+03,1.557454e+03,1.609222e+03,1.648584e+03,1.700824e+03,1.744754e+03,1.782392e+03,1.808837e+03,1.825694e+03,1.842993e+03,1.825469e+03,1.808693e+03,1.780190e+03,1.741004e+03,1.693767e+03,1.642389e+03,
1.682889e+03,1.691060e+03,1.694365e+03,1.691083e+03,1.678990e+03,1.653453e+03,1.633643e+03,1.625697e+03,1.598930e+03,1.570784e+03,1.542906e+03,1.512967e+03,1.481740e+03,1.446791e+03,1.418814e+03,1.395082e+03,1.365937e+03,1.336092e+03,1.310795e+03,1.289398e+03,1.276461e+03,1.262256e+03,1.254297e+03,1.249655e+03,1.249799e+03,1.252019e+03,1.255994e+03,1.264144e+03,1.275747e+03,1.289236e+03,1.309997e+03,1.337893e+03,1.372976e+03,1.408850e+03,1.448439e+03,1.495332e+03,1.549482e+03,1.605512e+03,1.655296e+03,1.702931e+03,1.752173e+03,1.773629e+03,1.803594e+03,1.822777e+03,1.827910e+03,1.831774e+03,1.806086e+03,1.780278e+03,1.741211e+03,1.694085e+03,1.642559e+03,
1.680832e+03,1.688070e+03,1.692958e+03,1.689793e+03,1.678720e+03,1.649178e+03,1.645430e+03,1.621862e+03,1.596025e+03,1.569322e+03,1.539507e+03,1.509677e+03,1.486454e+03,1.445999e+03,1.422521e+03,1.392682e+03,1.361295e+03,1.333088e+03,1.307950e+03,1.289638e+03,1.273006e+03,1.259753e+03,1.252474e+03,1.248546e+03,1.247661e+03,1.250263e+03,1.254601e+03,1.261885e+03,1.274064e+03,1.289668e+03,1.311083e+03,1.338098e+03,1.364642e+03,1.405268e+03,1.452151e+03,1.500801e+03,1.551828e+03,1.604636e+03,1.641321e+03,1.692081e+03,1.738019e+03,1.774786e+03,1.813480e+03,1.827568e+03,1.823262e+03,1.819008e+03,1.801470e+03,1.773372e+03,1.741373e+03,1.696099e+03,1.639888e+03,
1.678354e+03,1.685353e+03,1.691245e+03,1.687300e+03,1.676167e+03,1.659173e+03,1.626017e+03,1.619325e+03,1.591999e+03,1.563394e+03,1.524080e+03,1.509015e+03,1.478239e+03,1.447880e+03,1.414970e+03,1.385503e+03,1.357162e+03,1.335543e+03,1.308474e+03,1.287076e+03,1.270090e+03,1.257921e+03,1.250572e+03,1.246839e+03,1.245948e+03,1.248652e+03,1.253595e+03,1.261979e+03,1.274004e+03,1.288370e+03,1.306964e+03,1.334418e+03,1.366401e+03,1.405066e+03,1.449449e+03,1.497565e+03,1.547254e+03,1.599427e+03,1.651599e+03,1.699119e+03,1.742433e+03,1.764154e+03,1.794001e+03,1.812548e+03,1.818261e+03,1.824860e+03,1.798125e+03,1.767854e+03,1.738468e+03,1.693443e+03,1.639161e+03,
1.672883e+03,1.683425e+03,1.682308e+03,1.683134e+03,1.672646e+03,1.656312e+03,1.635600e+03,1.612305e+03,1.573522e+03,1.562843e+03,1.532320e+03,1.501772e+03,1.471521e+03,1.436184e+03,1.408684e+03,1.386499e+03,1.354535e+03,1.326105e+03,1.304218e+03,1.283991e+03,1.268545e+03,1.256290e+03,1.247601e+03,1.244394e+03,1.243830e+03,1.245624e+03,1.251739e+03,1.260036e+03,1.271706e+03,1.287335e+03,1.306066e+03,1.328252e+03,1.361287e+03,1.398933e+03,1.445049e+03,1.492337e+03,1.541343e+03,1.593951e+03,1.635939e+03,1.684572e+03,1.727287e+03,1.772949e+03,1.784399e+03,1.804297e+03,1.811470e+03,1.806655e+03,1.790188e+03,1.761413e+03,1.731866e+03,1.684029e+03,1.632603e+03,
1.667350e+03,1.675020e+03,1.676126e+03,1.671936e+03,1.668161e+03,1.650976e+03,1.630942e+03,1.607009e+03,1.581366e+03,1.540406e+03,1.530925e+03,1.499802e+03,1.467833e+03,1.435782e+03,1.405651e+03,1.376071e+03,1.348214e+03,1.326130e+03,1.300641e+03,1.279281e+03,1.264104e+03,1.252423e+03,1.245540e+03,1.242150e+03,1.241458e+03,1.243366e+03,1.249447e+03,1.257628e+03,1.269239e+03,1.283936e+03,1.302318e+03,1.327699e+03,1.358482e+03,1.394469e+03,1.438024e+03,1.486229e+03,1.535086e+03,1.586611e+03,1.635883e+03,1.684264e+03,1.711086e+03,1.749814e+03,1.778220e+03,1.796864e+03,1.803148e+03,1.810652e+03,1.789456e+03,1.758031e+03,1.720591e+03,1.675646e+03,1.624205e+03,
1.662724e+03,1.669328e+03,1.675314e+03,1.671952e+03,1.661784e+03,1.645009e+03,1.622694e+03,1.585359e+03,1.561769e+03,1.549960e+03,1.521352e+03,1.489791e+03,1.459979e+03,1.429108e+03,1.399179e+03,1.368805e+03,1.345748e+03,1.317896e+03,1.293960e+03,1.274061e+03,1.260288e+03,1.249835e+03,1.241467e+03,1.238560e+03,1.237716e+03,1.240439e+03,1.246340e+03,1.255072e+03,1.265956e+03,1.278784e+03,1.299365e+03,1.324269e+03,1.356768e+03,1.393951e+03,1.432989e+03,1.479771e+03,1.521319e+03,1.571817e+03,1.621037e+03,1.667916e+03,1.709163e+03,1.743923e+03,1.782041e+03,1.786087e+03,1.793857e+03,1.789111e+03,1.773038e+03,1.751282e+03,1.712451e+03,1.670814e+03,1.618584e+03,
1.652562e+03,1.664013e+03,1.664459e+03,1.657232e+03,1.654068e+03,1.637806e+03,1.616370e+03,1.592763e+03,1.566996e+03,1.527503e+03,1.515485e+03,1.482021e+03,1.452209e+03,1.421341e+03,1.391129e+03,1.361495e+03,1.338992e+03,1.312163e+03,1.288880e+03,1.269032e+03,1.254755e+03,1.244084e+03,1.237722e+03,1.233805e+03,1.233328e+03,1.236474e+03,1.241765e+03,1.250438e+03,1.261744e+03,1.276386e+03,1.296077e+03,1.316512e+03,1.349132e+03,1.384194e+03,1.427939e+03,1.472157e+03,1.519814e+03,1.569086e+03,1.604637e+03,1.653875e+03,1.695776e+03,1.732214e+03,1.758862e+03,1.776046e+03,1.782448e+03,1.787537e+03,1.764818e+03,1.738555e+03,1.702212e+03,1.656984e+03,1.607393e+03,
1.645052e+03,1.653253e+03,1.654752e+03,1.654803e+03,1.644389e+03,1.627926e+03,1.607009e+03,1.587438e+03,1.560486e+03,1.532262e+03,1.502347e+03,1.472219e+03,1.442237e+03,1.412210e+03,1.382563e+03,1.352868e+03,1.326418e+03,1.305516e+03,1.281612e+03,1.262468e+03,1.250786e+03,1.239051e+03,1.231183e+03,1.228125e+03,1.228188e+03,1.231203e+03,1.235939e+03,1.245111e+03,1.257314e+03,1.272260e+03,1.290700e+03,1.311767e+03,1.341691e+03,1.376620e+03,1.418283e+03,1.461385e+03,1.508246e+03,1.557717e+03,1.591559e+03,1.649911e+03,1.682331e+03,1.719146e+03,1.745215e+03,1.762507e+03,1.780459e+03,1.766048e+03,1.751198e+03,1.724801e+03,1.691166e+03,1.646100e+03,1.596307e+03,
1.634294e+03,1.643164e+03,1.647687e+03,1.643996e+03,1.632928e+03,1.617006e+03,1.597032e+03,1.576894e+03,1.551054e+03,1.521515e+03,1.491037e+03,1.461352e+03,1.431523e+03,1.401394e+03,1.371905e+03,1.343399e+03,1.321382e+03,1.296052e+03,1.274217e+03,1.255112e+03,1.241107e+03,1.230893e+03,1.223973e+03,1.221411e+03,1.221866e+03,1.224521e+03,1.230037e+03,1.238231e+03,1.249374e+03,1.264625e+03,1.284130e+03,1.308094e+03,1.336815e+03,1.365185e+03,1.405004e+03,1.449888e+03,1.495747e+03,1.545151e+03,1.581499e+03,1.627351e+03,1.670578e+03,1.703490e+03,1.725602e+03,1.745992e+03,1.754571e+03,1.750671e+03,1.735136e+03,1.708803e+03,1.681165e+03,1.635048e+03,1.585000e+03,
1.620360e+03,1.631096e+03,1.636040e+03,1.624392e+03,1.621717e+03,1.604993e+03,1.583431e+03,1.547086e+03,1.539066e+03,1.511967e+03,1.480841e+03,1.450766e+03,1.419399e+03,1.384420e+03,1.365372e+03,1.335632e+03,1.308785e+03,1.284394e+03,1.262406e+03,1.245858e+03,1.232418e+03,1.223610e+03,1.217076e+03,1.214036e+03,1.213841e+03,1.217053e+03,1.221674e+03,1.229741e+03,1.242107e+03,1.257036e+03,1.275539e+03,1.295577e+03,1.324705e+03,1.358893e+03,1.397626e+03,1.439323e+03,1.483858e+03,1.521569e+03,1.571830e+03,1.614866e+03,1.653016e+03,1.679439e+03,1.710419e+03,1.729546e+03,1.737788e+03,1.733567e+03,1.727971e+03,1.696435e+03,1.660136e+03,1.617160e+03,1.572178e+03,
1.605718e+03,1.616144e+03,1.620564e+03,1.617672e+03,1.598592e+03,1.592766e+03,1.570420e+03,1.546651e+03,1.521087e+03,1.497074e+03,1.467932e+03,1.435540e+03,1.405201e+03,1.376330e+03,1.344484e+03,1.324315e+03,1.297777e+03,1.274424e+03,1.253103e+03,1.235236e+03,1.221971e+03,1.212409e+03,1.206005e+03,1.204331e+03,1.204763e+03,1.207678e+03,1.213968e+03,1.221685e+03,1.233234e+03,1.245712e+03,1.263763e+03,1.285484e+03,1.316296e+03,1.341002e+03,1.378229e+03,1.421799e+03,1.466136e+03,1.511942e+03,1.559236e+03,1.601959e+03,1.632134e+03,1.667874e+03,1.693351e+03,1.721591e+03,1.717612e+03,1.715753e+03,1.701194e+03,1.675775e+03,1.649066e+03,1.609428e+03,1.560171e+03,
1.588281e+03,1.600155e+03,1.599469e+03,1.600626e+03,1.590020e+03,1.574057e+03,1.555069e+03,1.521072e+03,1.495102e+03,1.481462e+03,1.451425e+03,1.422449e+03,1.391881e+03,1.362085e+03,1.333039e+03,1.306143e+03,1.281119e+03,1.258069e+03,1.243809e+03,1.224232e+03,1.211638e+03,1.201955e+03,1.195562e+03,1.193753e+03,1.193742e+03,1.196995e+03,1.201541e+03,1.209993e+03,1.221641e+03,1.236742e+03,1.254196e+03,1.272069e+03,1.300705e+03,1.332935e+03,1.369544e+03,1.408199e+03,1.451799e+03,1.488411e+03,1.533472e+03,1.576816e+03,1.614770e+03,1.653318e+03,1.679531e+03,1.687759e+03,1.696171e+03,1.694602e+03,1.680594e+03,1.656195e+03,1.628616e+03,1.584387e+03,1.539818e+03,
1.567811e+03,1.578637e+03,1.584597e+03,1.581738e+03,1.571173e+03,1.556759e+03,1.523554e+03,1.516240e+03,1.488788e+03,1.462281e+03,1.432788e+03,1.402376e+03,1.373323e+03,1.339728e+03,1.320068e+03,1.291871e+03,1.265898e+03,1.243907e+03,1.224397e+03,1.209193e+03,1.196201e+03,1.187485e+03,1.183414e+03,1.180774e+03,1.181324e+03,1.184205e+03,1.190966e+03,1.198616e+03,1.209657e+03,1.221076e+03,1.240562e+03,1.261558e+03,1.287806e+03,1.317811e+03,1.352438e+03,1.382496e+03,1.427276e+03,1.469932e+03,1.513308e+03,1.553408e+03,1.597626e+03,1.617092e+03,1.645335e+03,1.664147e+03,1.673314e+03,1.680000e+03,1.658402e+03,1.635940e+03,1.605755e+03,1.566964e+03,1.518668e+03,
1.549482e+03,1.557452e+03,1.563523e+03,1.560520e+03,1.550337e+03,1.535506e+03,1.506525e+03,1.493618e+03,1.467092e+03,1.437703e+03,1.411579e+03,1.381808e+03,1.347703e+03,1.328623e+03,1.300321e+03,1.273098e+03,1.248169e+03,1.226401e+03,1.211312e+03,1.193853e+03,1.181723e+03,1.173142e+03,1.168792e+03,1.165701e+03,1.167217e+03,1.170443e+03,1.176329e+03,1.184426e+03,1.195774e+03,1.208815e+03,1.223554e+03,1.243721e+03,1.270612e+03,1.300849e+03,1.333231e+03,1.370986e+03,1.403321e+03,1.445032e+03,1.486273e+03,1.525846e+03,1.561733e+03,1.595598e+03,1.622113e+03,1.637687e+03,1.655359e+03,1.644293e+03,1.631500e+03,1.607986e+03,1.583570e+03,1.540772e+03,1.494315e+03,
1.525130e+03,1.534101e+03,1.539359e+03,1.536420e+03,1.527102e+03,1.511745e+03,1.481442e+03,1.458566e+03,1.446746e+03,1.421356e+03,1.391527e+03,1.361318e+03,1.333347e+03,1.305524e+03,1.283621e+03,1.255079e+03,1.230695e+03,1.209368e+03,1.191068e+03,1.178194e+03,1.164715e+03,1.156463e+03,1.152615e+03,1.150324e+03,1.151146e+03,1.154286e+03,1.160845e+03,1.167811e+03,1.176673e+03,1.189944e+03,1.206870e+03,1.227348e+03,1.252185e+03,1.279701e+03,1.312994e+03,1.349368e+03,1.382661e+03,1.424525e+03,1.465414e+03,1.494009e+03,1.533654e+03,1.566040e+03,1.592771e+03,1.607773e+03,1.615512e+03,1.623338e+03,1.604044e+03,1.583527e+03,1.551924e+03,1.513078e+03,1.468188e+03,
1.498471e+03,1.506719e+03,1.512784e+03,1.510785e+03,1.492773e+03,1.478904e+03,1.469742e+03,1.446380e+03,1.419739e+03,1.394220e+03,1.365431e+03,1.342701e+03,1.314746e+03,1.286292e+03,1.259120e+03,1.233058e+03,1.209042e+03,1.189532e+03,1.170940e+03,1.158699e+03,1.147916e+03,1.139356e+03,1.134487e+03,1.133742e+03,1.133604e+03,1.137485e+03,1.142166e+03,1.149954e+03,1.159896e+03,1.172667e+03,1.187793e+03,1.208369e+03,1.231288e+03,1.257901e+03,1.290183e+03,1.320220e+03,1.356758e+03,1.397453e+03,1.436969e+03,1.471344e+03,1.512572e+03,1.543267e+03,1.558936e+03,1.576131e+03,1.582618e+03,1.590871e+03,1.575823e+03,1.551379e+03,1.519619e+03,1.482189e+03,1.441581e+03,
1.467005e+03,1.478372e+03,1.484300e+03,1.480912e+03,1.472792e+03,1.459430e+03,1.440695e+03,1.417858e+03,1.393418e+03,1.365908e+03,1.339889e+03,1.304763e+03,1.287294e+03,1.258998e+03,1.232250e+03,1.208258e+03,1.184936e+03,1.171174e+03,1.153051e+03,1.137416e+03,1.126580e+03,1.118412e+03,1.114435e+03,1.112844e+03,1.114683e+03,1.118118e+03,1.123785e+03,1.131014e+03,1.141931e+03,1.151548e+03,1.167425e+03,1.187059e+03,1.208223e+03,1.236053e+03,1.260985e+03,1.296050e+03,1.330530e+03,1.360336e+03,1.401937e+03,1.439197e+03,1.472526e+03,1.501825e+03,1.523208e+03,1.539612e+03,1.556854e+03,1.547213e+03,1.535161e+03,1.515328e+03,1.485377e+03,1.454121e+03,1.410724e+03,
1.434432e+03,1.445882e+03,1.446061e+03,1.443166e+03,1.440504e+03,1.426016e+03,1.407773e+03,1.385202e+03,1.362951e+03,1.340669e+03,1.312708e+03,1.285560e+03,1.257007e+03,1.226573e+03,1.209945e+03,1.185470e+03,1.163072e+03,1.144692e+03,1.131001e+03,1.113863e+03,1.106990e+03,1.098869e+03,1.094656e+03,1.093088e+03,1.093551e+03,1.097088e+03,1.102605e+03,1.109515e+03,1.119673e+03,1.131663e+03,1.145816e+03,1.163305e+03,1.185504e+03,1.206796e+03,1.234571e+03,1.268433e+03,1.302237e+03,1.334946e+03,1.364332e+03,1.403567e+03,1.435845e+03,1.464875e+03,1.493884e+03,1.499680e+03,1.508521e+03,1.508145e+03,1.496629e+03,1.475777e+03,1.448814e+03,1.421917e+03,1.381521e+03,
1.397648e+03,1.410013e+03,1.414805e+03,1.412475e+03,1.404617e+03,1.391509e+03,1.373926e+03,1.352729e+03,1.329130e+03,1.303641e+03,1.280446e+03,1.247035e+03,1.231064e+03,1.206448e+03,1.181405e+03,1.155630e+03,1.135117e+03,1.120147e+03,1.104181e+03,1.091780e+03,1.082171e+03,1.075952e+03,1.071713e+03,1.070355e+03,1.072215e+03,1.074976e+03,1.080137e+03,1.088215e+03,1.095844e+03,1.107807e+03,1.122816e+03,1.137266e+03,1.158061e+03,1.181139e+03,1.203425e+03,1.234599e+03,1.267151e+03,1.302013e+03,1.335985e+03,1.369258e+03,1.396195e+03,1.429509e+03,1.450020e+03,1.459164e+03,1.466308e+03,1.465442e+03,1.455291e+03,1.434975e+03,1.414896e+03,1.382396e+03,1.343719e+03,
1.358283e+03,1.370353e+03,1.371257e+03,1.369104e+03,1.364952e+03,1.352542e+03,1.334315e+03,1.317336e+03,1.295445e+03,1.263059e+03,1.248169e+03,1.222639e+03,1.197414e+03,1.172611e+03,1.149356e+03,1.130032e+03,1.107884e+03,1.094704e+03,1.079723e+03,1.066713e+03,1.057726e+03,1.051361e+03,1.047960e+03,1.047293e+03,1.048108e+03,1.051138e+03,1.056261e+03,1.062910e+03,1.072647e+03,1.083805e+03,1.093196e+03,1.108950e+03,1.132608e+03,1.150804e+03,1.177412e+03,1.203756e+03,1.238290e+03,1.269324e+03,1.294254e+03,1.326593e+03,1.356757e+03,1.379322e+03,1.407098e+03,1.414092e+03,1.420768e+03,1.420540e+03,1.410895e+03,1.392810e+03,1.365870e+03,1.341794e+03,1.301232e+03,
1.317313e+03,1.326039e+03,1.331506e+03,1.329516e+03,1.324506e+03,1.312816e+03,1.298401e+03,1.278195e+03,1.256016e+03,1.235349e+03,1.205106e+03,1.188785e+03,1.164382e+03,1.140552e+03,1.118902e+03,1.096491e+03,1.082957e+03,1.065591e+03,1.051752e+03,1.039463e+03,1.031847e+03,1.025525e+03,1.022236e+03,1.021277e+03,1.022416e+03,1.025824e+03,1.030945e+03,1.037328e+03,1.045914e+03,1.055348e+03,1.070286e+03,1.085155e+03,1.103376e+03,1.121411e+03,1.145675e+03,1.171009e+03,1.200015e+03,1.227469e+03,1.261766e+03,1.284602e+03,1.312678e+03,1.336963e+03,1.352528e+03,1.365317e+03,1.373050e+03,1.371341e+03,1.360380e+03,1.348619e+03,1.323662e+03,1.294775e+03,1.260345e+03,
1.269946e+03,1.278929e+03,1.284636e+03,1.284290e+03,1.278138e+03,1.267533e+03,1.254492e+03,1.227498e+03,1.216773e+03,1.193662e+03,1.174896e+03,1.153793e+03,1.131229e+03,1.109181e+03,1.088415e+03,1.069941e+03,1.051276e+03,1.035765e+03,1.022187e+03,1.012069e+03,1.004550e+03,9.979129e+02,9.958184e+02,9.950800e+02,9.961390e+02,9.992645e+02,1.003997e+03,1.010128e+03,1.018852e+03,1.029459e+03,1.038511e+03,1.054078e+03,1.070473e+03,1.090241e+03,1.112638e+03,1.137602e+03,1.161056e+03,1.187492e+03,1.212105e+03,1.242239e+03,1.265702e+03,1.289297e+03,1.303138e+03,1.321187e+03,1.325411e+03,1.320692e+03,1.312626e+03,1.295693e+03,1.273045e+03,1.244991e+03,1.215919e+03,
1.226171e+03,1.234375e+03,1.237747e+03,1.236826e+03,1.230613e+03,1.222816e+03,1.202149e+03,1.185880e+03,1.174975e+03,1.155353e+03,1.134269e+03,1.112074e+03,1.091704e+03,1.069359e+03,1.050213e+03,1.037225e+03,1.020104e+03,1.004739e+03,9.924283e+02,9.837309e+02,9.767819e+02,9.700211e+02,9.673577e+02,9.677721e+02,9.684648e+02,9.708614e+02,9.762817e+02,9.818215e+02,9.900185e+02,9.993391e+02,1.011202e+03,1.022729e+03,1.037793e+03,1.058685e+03,1.079874e+03,1.098957e+03,1.122569e+03,1.149581e+03,1.175069e+03,1.200860e+03,1.217603e+03,1.239368e+03,1.251762e+03,1.266929e+03,1.266631e+03,1.270109e+03,1.259903e+03,1.244524e+03,1.222580e+03,1.196625e+03,1.167881e+03,
