0.0               1.5               0.0               484.05833057812
0.0               1.535             0.0               471.984941730856
0.0               1.57              0.0               459.911552883592
0.0               1.605             0.0               447.838164036327
0.0               1.64              0.0               435.764775189063
0.0               1.675             0.0               423.691386341799
0.0               1.71              0.0               414.487611620674
0.0               1.745             0.0               408.440412438301
0.0               1.78              0.0               402.393213255928
0.0               1.815             0.0               396.346014073555
0.0               1.85              0.0               390.298814891182
0.0               1.885             0.0               384.25161570881
0.0               1.92              0.0               380.975500180791
0.0               1.955             0.0               377.899846023514
0.0               1.99              0.0               374.824191866236
0.0               2.025             0.0               371.748537708958
0.0               2.06              0.0               368.67288355168
0.0               2.095             0.0               366.154503464786
0.0               2.13              0.0               364.511839774208
0.0               2.165             0.0               362.869176083631
0.0               2.2               0.0               361.226512393053
0.0               2.235             0.0               359.583848702475
0.0               2.27              0.0               357.941185011898
0.0               2.305             0.0               356.669347885882
0.0               2.34              0.0               355.465408581546
0.0               2.375             0.0               354.261469277211
0.0               2.41              0.0               353.057529972875
0.0               2.445             0.0               351.85359066854
0.0               2.48              0.0               350.598064635069
0.0               2.515             0.0               349.223074597285
0.0               2.55              0.0               347.848084559502
0.0               2.585             0.0               346.473094521718
0.0               2.62              0.0               345.098104483934
0.0               2.655             0.0               343.723114446151
0.0               2.69              0.0               342.173429104714
0.0               2.725             0.0               340.567951022319
0.0               2.76              0.0               338.962472939924
0.0               2.795             0.0               337.35699485753
0.0               2.83              0.0               335.751516775135
0.0               2.865             0.0               334.115162035442
0.0               2.9               0.0               332.365592885655
0.0               2.935             0.0               330.616023735869
0.0               2.97              0.0               328.866454586082
0.0               3.005             0.0               327.116885436296
0.0               3.04              0.0               325.367316286509
0.0               3.075             0.0               323.466324182055
0.0               3.11              0.0               321.490964590988
0.0               3.145             0.0               319.515604999922
0.0               3.18              0.0               317.540245408855
0.0               3.215             0.0               315.564885817789
0.0               3.25              0.0               313.590870706036
0.0               3.285             0.0               311.626098889564
0.0               3.32              0.0               309.661327073093
0.0               3.355             0.0               307.696555256621
0.0               3.39              0.0               305.73178344015
0.0               3.425             0.0               303.767011623678
0.0               3.46              0.0               301.758953475257
0.0               3.495             0.0               299.7199765183
0.0               3.53              0.0               297.680999561343
0.0               3.565             0.0               295.642022604385
0.0               3.6               0.0               293.603045647428
0.0               3.635             0.0               291.57161136014
0.0               3.67              0.0               289.722709678847
0.0               3.705             0.0               287.873807997554
0.0               3.74              0.0               286.024906316262
0.0               3.775             0.0               284.176004634969
0.0               3.81              0.0               282.327102953676
0.0               3.845             0.0               280.431920001893
0.0               3.88              0.0               278.489715279292
0.0               3.915             0.0               276.547510556691
0.0               3.95              0.0               274.60530583409
0.0               3.985             0.0               272.663101111489
0.0               4.02              0.0               270.720896388887
0.0               4.055             0.0               268.961365822075
0.0               4.09              0.0               267.210968963053
0.0               4.125             0.0               265.46057210403
0.0               4.16              0.0               263.710175245007
0.0               4.195             0.0               261.959778385984
0.0               4.23              0.0               260.288744801591
0.0               4.265             0.0               258.732518284381
0.0               4.3               0.0               257.176291767171
0.0               4.335             0.0               255.62006524996
0.0               4.37              0.0               254.06383873275
0.0               4.405             0.0               252.507612215539
0.0               4.44              0.0               250.97673271932
0.0               4.475             0.0               249.449806428208
0.0               4.51              0.0               247.922880137097
0.0               4.545             0.0               246.395953845986
0.0               4.58              0.0               244.869027554874
0.0               4.615             0.0               243.407621974907
0.0               4.65              0.0               242.084537896241
0.0               4.685             0.0               240.761453817576
0.0               4.72              0.0               239.438369738911
0.0               4.755             0.0               238.115285660246
0.0               4.79              0.0               236.792201581581
0.0               4.825             0.0               235.744465088905
0.0               4.86              0.0               234.775399335084
0.0               4.895             0.0               233.806333581262
0.0               4.93              0.0               232.837267827441
0.0               4.965             0.0               231.868202073619
0.0               5.0               0.0               230.894359783051