Y columns by X rows

X Values:-5,-4.800000e+00,-4.600000e+00,-4.400000e+00,-4.200000e+00,-4,-3.800000e+00,-3.600000e+00,-3.400000e+00,-3.200000e+00,-3,-2.800000e+00,-2.600000e+00,-2.400000e+00,-2.200000e+00,-2,-1.800000e+00,-1.600000e+00,-1.400000e+00,-1.200000e+00,-1,-8.000000e-01,-6.000000e-01,-4.000000e-01,-2.000000e-01,0,2.000000e-01,4.000000e-01,6.000000e-01,8.000000e-01,1,1.200000e+00,1.400000e+00,1.600000e+00,1.800000e+00,2,2.200000e+00,2.400000e+00,2.600000e+00,2.800000e+00,3,3.200000e+00,3.400000e+00,3.600000e+00,3.800000e+00,4,4.200000e+00,4.400000e+00,4.600000e+00,4.800000e+00,5,

Y Values:-5,-4.800000e+00,-4.600000e+00,-4.400000e+00,-4.200000e+00,-4,-3.800000e+00,-3.600000e+00,-3.400000e+00,-3.200000e+00,-3,-2.800000e+00,-2.600000e+00,-2.400000e+00,-2.200000e+00,-2,-1.800000e+00,-1.600000e+00,-1.400000e+00,-1.200000e+00,-1,-8.000000e-01,-6.000000e-01,-4.000000e-01,-2.000000e-01,0,2.000000e-01,4.000000e-01,6.000000e-01,8.000000e-01,1,1.200000e+00,1.400000e+00,1.600000e+00,1.800000e+00,2,2.200000e+00,2.400000e+00,2.600000e+00,2.800000e+00,3,3.200000e+00,3.400000e+00,3.600000e+00,3.800000e+00,4,4.200000e+00,4.400000e+00,4.600000e+00,4.800000e+00,5,

1.393399e+03,1.406109e+03,1.413601e+03,1.411492e+03,1.404314e+03,1.381359e+03,1.367638e+03,1.340595e+03,1.318890e+03,1.281434e+03,1.262171e+03,1.230870e+03,1.203076e+03,1.180467e+03,1.151205e+03,1.133203e+03,1.113224e+03,1.096145e+03,1.082971e+03,1.074795e+03,1.070029e+03,1.070471e+03,1.068987e+03,1.072982e+03,1.078786e+03,1.085460e+03,1.092392e+03,1.100318e+03,1.108591e+03,1.118429e+03,1.130106e+03,1.145528e+03,1.163301e+03,1.183179e+03,1.215882e+03,1.243909e+03,1.281818e+03,1.323688e+03,1.365596e+03,1.405108e+03,1.447754e+03,1.485468e+03,1.522097e+03,1.545824e+03,1.555005e+03,1.558487e+03,1.548787e+03,1.524683e+03,1.490046e+03,1.452695e+03,1.407753e+03,
1.459683e+03,1.472659e+03,1.481755e+03,1.480005e+03,1.468850e+03,1.450051e+03,1.430981e+03,1.393970e+03,1.375445e+03,1.343841e+03,1.311598e+03,1.284953e+03,1.255847e+03,1.226239e+03,1.196848e+03,1.171414e+03,1.149779e+03,1.131698e+03,1.120837e+03,1.110552e+03,1.104388e+03,1.103067e+03,1.106680e+03,1.110281e+03,1.114920e+03,1.120082e+03,1.127028e+03,1.134984e+03,1.143695e+03,1.153989e+03,1.165510e+03,1.181557e+03,1.200696e+03,1.221821e+03,1.254333e+03,1.291800e+03,1.329636e+03,1.366154e+03,1.413759e+03,1.461738e+03,1.508881e+03,1.549499e+03,1.585947e+03,1.608951e+03,1.635245e+03,1.630737e+03,1.620727e+03,1.595835e+03,1.556107e+03,1.514439e+03,1.461895e+03,
1.523547e+03,1.537219e+03,1.547658e+03,1.545011e+03,1.534141e+03,1.506306e+03,1.491508e+03,1.462348e+03,1.423181e+03,1.400857e+03,1.365336e+03,1.332708e+03,1.298057e+03,1.270117e+03,1.242580e+03,1.214281e+03,1.191203e+03,1.169536e+03,1.153823e+03,1.142148e+03,1.139026e+03,1.134985e+03,1.137875e+03,1.141919e+03,1.147803e+03,1.153891e+03,1.161157e+03,1.169026e+03,1.177823e+03,1.184707e+03,1.197255e+03,1.212686e+03,1.234574e+03,1.261805e+03,1.294767e+03,1.332026e+03,1.375286e+03,1.423671e+03,1.465706e+03,1.517463e+03,1.566565e+03,1.609746e+03,1.651828e+03,1.680953e+03,1.698520e+03,1.700834e+03,1.691438e+03,1.666258e+03,1.627461e+03,1.575001e+03,1.518806e+03,
1.585315e+03,1.601502e+03,1.610409e+03,1.607510e+03,1.595607e+03,1.564803e+03,1.548962e+03,1.517522e+03,1.482407e+03,1.450547e+03,1.417332e+03,1.379529e+03,1.342874e+03,1.308106e+03,1.277917e+03,1.254327e+03,1.226487e+03,1.203728e+03,1.187121e+03,1.176213e+03,1.170282e+03,1.168565e+03,1.167577e+03,1.172373e+03,1.178266e+03,1.184770e+03,1.192029e+03,1.199468e+03,1.206919e+03,1.216928e+03,1.230410e+03,1.242646e+03,1.263984e+03,1.291594e+03,1.328723e+03,1.371138e+03,1.417144e+03,1.470538e+03,1.520125e+03,1.573012e+03,1.623938e+03,1.679074e+03,1.709862e+03,1.743941e+03,1.764638e+03,1.764781e+03,1.757969e+03,1.730090e+03,1.686186e+03,1.632898e+03,1.571035e+03,
1.643994e+03,1.660371e+03,1.670517e+03,1.666871e+03,1.651298e+03,1.619840e+03,1.604865e+03,1.569844e+03,1.533874e+03,1.488526e+03,1.453942e+03,1.427604e+03,1.387333e+03,1.353130e+03,1.320130e+03,1.294163e+03,1.262119e+03,1.237916e+03,1.219654e+03,1.208581e+03,1.200655e+03,1.197933e+03,1.196802e+03,1.201551e+03,1.207565e+03,1.214358e+03,1.221158e+03,1.226527e+03,1.235661e+03,1.244704e+03,1.256718e+03,1.274303e+03,1.296834e+03,1.328129e+03,1.366340e+03,1.409613e+03,1.459752e+03,1.505727e+03,1.565132e+03,1.623206e+03,1.675529e+03,1.729757e+03,1.771971e+03,1.816485e+03,1.825423e+03,1.830821e+03,1.816510e+03,1.782482e+03,1.736931e+03,1.693117e+03,1.625403e+03,
1.698731e+03,1.719048e+03,1.726528e+03,1.722394e+03,1.697616e+03,1.685691e+03,1.654858e+03,1.618684e+03,1.585011e+03,1.535996e+03,1.512169e+03,1.471655e+03,1.431898e+03,1.392503e+03,1.357250e+03,1.325848e+03,1.300389e+03,1.271951e+03,1.251977e+03,1.236577e+03,1.227174e+03,1.223888e+03,1.225419e+03,1.229296e+03,1.234223e+03,1.240480e+03,1.247928e+03,1.254736e+03,1.263713e+03,1.270770e+03,1.284505e+03,1.303352e+03,1.327072e+03,1.360066e+03,1.392344e+03,1.436894e+03,1.490629e+03,1.546625e+03,1.611708e+03,1.673136e+03,1.731985e+03,1.782558e+03,1.837729e+03,1.872992e+03,1.882762e+03,1.889366e+03,1.874607e+03,1.841260e+03,1.792503e+03,1.736348e+03,1.678935e+03,
1.749891e+03,1.769300e+03,1.777486e+03,1.773121e+03,1.756880e+03,1.732578e+03,1.688031e+03,1.655072e+03,1.631921e+03,1.592990e+03,1.547216e+03,1.501405e+03,1.474220e+03,1.433083e+03,1.395922e+03,1.358889e+03,1.327662e+03,1.301475e+03,1.279908e+03,1.266080e+03,1.256162e+03,1.251096e+03,1.250616e+03,1.253909e+03,1.259599e+03,1.264526e+03,1.271691e+03,1.279079e+03,1.285667e+03,1.297556e+03,1.308023e+03,1.325398e+03,1.352069e+03,1.387755e+03,1.431562e+03,1.480491e+03,1.535101e+03,1.595493e+03,1.645016e+03,1.721108e+03,1.783453e+03,1.824491e+03,1.876993e+03,1.916382e+03,1.938791e+03,1.942465e+03,1.924396e+03,1.898726e+03,1.848045e+03,1.780162e+03,1.708330e+03,
1.798448e+03,1.814035e+03,1.824622e+03,1.820349e+03,1.802859e+03,1.777638e+03,1.750895e+03,1.711565e+03,1.673873e+03,1.630979e+03,1.591047e+03,1.542332e+03,1.501588e+03,1.469545e+03,1.427768e+03,1.390660e+03,1.359056e+03,1.330729e+03,1.309078e+03,1.290602e+03,1.279327e+03,1.274815e+03,1.273861e+03,1.277361e+03,1.279899e+03,1.285771e+03,1.293184e+03,1.300344e+03,1.309413e+03,1.320082e+03,1.330721e+03,1.350643e+03,1.378091e+03,1.414382e+03,1.459276e+03,1.512301e+03,1.569242e+03,1.623600e+03,1.692100e+03,1.760243e+03,1.822248e+03,1.887947e+03,1.920565e+03,1.964046e+03,1.986806e+03,1.991109e+03,1.974100e+03,1.947444e+03,1.896413e+03,1.834591e+03,1.758346e+03,
1.837410e+03,1.857890e+03,1.864461e+03,1.862027e+03,1.844625e+03,1.818642e+03,1.771337e+03,1.737305e+03,1.716836e+03,1.656756e+03,1.629882e+03,1.584811e+03,1.542334e+03,1.496159e+03,1.458183e+03,1.425573e+03,1.386577e+03,1.357535e+03,1.333541e+03,1.316200e+03,1.303530e+03,1.296674e+03,1.295186e+03,1.295509e+03,1.300309e+03,1.306031e+03,1.312176e+03,1.319512e+03,1.327995e+03,1.339997e+03,1.354017e+03,1.372621e+03,1.402087e+03,1.440061e+03,1.488120e+03,1.530630e+03,1.601991e+03,1.666721e+03,1.721472e+03,1.794051e+03,1.860220e+03,1.919133e+03,1.973220e+03,2.012137e+03,2.028970e+03,2.035987e+03,2.019979e+03,1.982585e+03,1.928394e+03,1.858110e+03,1.786518e+03,
1.876743e+03,1.896905e+03,1.905328e+03,1.900323e+03,1.871535e+03,1.858718e+03,1.825118e+03,1.787680e+03,1.745194e+03,1.689516e+03,1.652314e+03,1.623091e+03,1.576458e+03,1.530705e+03,1.488538e+03,1.450026e+03,1.414177e+03,1.385789e+03,1.357774e+03,1.336720e+03,1.323110e+03,1.315437e+03,1.313442e+03,1.315432e+03,1.317403e+03,1.322629e+03,1.329286e+03,1.336929e+03,1.345321e+03,1.356213e+03,1.372261e+03,1.393844e+03,1.419161e+03,1.458548e+03,1.505993e+03,1.563111e+03,1.628842e+03,1.698602e+03,1.753179e+03,1.829579e+03,1.900997e+03,1.961833e+03,2.012750e+03,2.062128e+03,2.069350e+03,2.075823e+03,2.058921e+03,2.018873e+03,1.959987e+03,1.892445e+03,1.819800e+03,
1.909769e+03,1.931129e+03,1.939907e+03,1.935030e+03,1.918892e+03,1.891845e+03,1.857320e+03,1.818290e+03,1.778790e+03,1.744334e+03,1.694893e+03,1.647732e+03,1.596557e+03,1.567709e+03,1.521961e+03,1.475622e+03,1.437384e+03,1.406499e+03,1.382186e+03,1.357103e+03,1.341662e+03,1.333186e+03,1.330434e+03,1.330714e+03,1.333753e+03,1.339083e+03,1.345321e+03,1.350210e+03,1.361037e+03,1.370791e+03,1.387250e+03,1.410348e+03,1.442379e+03,1.475959e+03,1.528376e+03,1.588460e+03,1.656383e+03,1.727901e+03,1.800037e+03,1.871976e+03,1.930410e+03,1.996042e+03,2.049743e+03,2.087704e+03,2.121073e+03,2.121766e+03,2.102353e+03,2.056713e+03,1.997231e+03,1.924735e+03,1.865541e+03,
1.939798e+03,1.961774e+03,1.969394e+03,1.963877e+03,1.946471e+03,1.904438e+03,1.890722e+03,1.851903e+03,1.808195e+03,1.764948e+03,1.720203e+03,1.685863e+03,1.634014e+03,1.586383e+03,1.542726e+03,1.500174e+03,1.463643e+03,1.427119e+03,1.395891e+03,1.371964e+03,1.357018e+03,1.347694e+03,1.344263e+03,1.343961e+03,1.346473e+03,1.351196e+03,1.356726e+03,1.364337e+03,1.373100e+03,1.385439e+03,1.401788e+03,1.424626e+03,1.456593e+03,1.495601e+03,1.550410e+03,1.612502e+03,1.682728e+03,1.753254e+03,1.816823e+03,1.892906e+03,1.965596e+03,2.029324e+03,2.082334e+03,2.121105e+03,2.141695e+03,2.143951e+03,2.126143e+03,2.086381e+03,2.026073e+03,1.954732e+03,1.875785e+03,
1.967756e+03,1.987245e+03,1.995915e+03,1.991366e+03,1.972756e+03,1.945912e+03,1.895751e+03,1.860916e+03,1.839870e+03,1.793964e+03,1.749484e+03,1.702337e+03,1.655611e+03,1.606570e+03,1.570362e+03,1.521778e+03,1.479131e+03,1.449591e+03,1.416391e+03,1.389967e+03,1.371573e+03,1.360471e+03,1.355825e+03,1.354614e+03,1.357343e+03,1.361901e+03,1.367091e+03,1.373409e+03,1.383031e+03,1.395107e+03,1.412558e+03,1.435561e+03,1.469252e+03,1.507731e+03,1.563731e+03,1.632672e+03,1.703131e+03,1.776418e+03,1.852357e+03,1.910325e+03,1.983969e+03,2.054066e+03,2.109010e+03,2.150222e+03,2.184405e+03,2.173024e+03,2.162677e+03,2.117429e+03,2.054774e+03,1.981517e+03,1.898609e+03,
1.990558e+03,2.011534e+03,2.020237e+03,2.014066e+03,1.983764e+03,1.973382e+03,1.939037e+03,1.899485e+03,1.857175e+03,1.798617e+03,1.759989e+03,1.714220e+03,1.671832e+03,1.636269e+03,1.585694e+03,1.538984e+03,1.499467e+03,1.461309e+03,1.430330e+03,1.401702e+03,1.382077e+03,1.370093e+03,1.365064e+03,1.363790e+03,1.366344e+03,1.370852e+03,1.376681e+03,1.382767e+03,1.391767e+03,1.403380e+03,1.420053e+03,1.444798e+03,1.480137e+03,1.520913e+03,1.580192e+03,1.649440e+03,1.722155e+03,1.798747e+03,1.874944e+03,1.952901e+03,2.008866e+03,2.071854e+03,2.131574e+03,2.175337e+03,2.197400e+03,2.198021e+03,2.190305e+03,2.142935e+03,2.079287e+03,2.004031e+03,1.922762e+03,
2.009538e+03,2.028656e+03,2.041247e+03,2.036011e+03,2.018327e+03,1.990491e+03,1.956551e+03,1.918993e+03,1.885468e+03,1.840439e+03,1.794016e+03,1.745541e+03,1.697556e+03,1.646185e+03,1.606622e+03,1.556895e+03,1.511808e+03,1.476187e+03,1.440529e+03,1.413532e+03,1.392099e+03,1.379089e+03,1.372250e+03,1.371319e+03,1.372719e+03,1.376832e+03,1.382445e+03,1.389064e+03,1.394996e+03,1.406881e+03,1.424073e+03,1.450639e+03,1.486302e+03,1.537849e+03,1.597474e+03,1.666165e+03,1.735673e+03,1.815745e+03,1.885203e+03,1.964164e+03,2.037844e+03,2.105681e+03,2.161139e+03,2.199949e+03,2.220219e+03,2.237299e+03,2.202893e+03,2.159342e+03,2.095402e+03,2.019550e+03,1.941385e+03,
2.029868e+03,2.050012e+03,2.059555e+03,2.053558e+03,2.035860e+03,2.008228e+03,1.981478e+03,1.943410e+03,1.900197e+03,1.855885e+03,1.809691e+03,1.762346e+03,1.724936e+03,1.674404e+03,1.623690e+03,1.573772e+03,1.525001e+03,1.488128e+03,1.451918e+03,1.420328e+03,1.397530e+03,1.383396e+03,1.377756e+03,1.375927e+03,1.378014e+03,1.381231e+03,1.386693e+03,1.392440e+03,1.400099e+03,1.412178e+03,1.430530e+03,1.455333e+03,1.493272e+03,1.542803e+03,1.603660e+03,1.668772e+03,1.748924e+03,1.832885e+03,1.912763e+03,1.993958e+03,2.056800e+03,2.121284e+03,2.179310e+03,2.220302e+03,2.257058e+03,2.254218e+03,2.221054e+03,2.180025e+03,2.116839e+03,2.038901e+03,1.958001e+03,
2.046281e+03,2.066404e+03,2.075549e+03,2.059317e+03,2.040276e+03,2.027598e+03,1.993732e+03,1.956124e+03,1.913433e+03,1.869702e+03,1.824915e+03,1.769618e+03,1.737584e+03,1.685040e+03,1.631887e+03,1.583544e+03,1.536009e+03,1.497463e+03,1.460771e+03,1.425910e+03,1.402710e+03,1.388706e+03,1.381978e+03,1.379688e+03,1.381220e+03,1.384919e+03,1.389523e+03,1.395078e+03,1.402380e+03,1.411284e+03,1.429497e+03,1.459180e+03,1.500035e+03,1.553272e+03,1.601479e+03,1.676189e+03,1.763597e+03,1.838038e+03,1.921374e+03,2.002724e+03,2.080783e+03,2.155743e+03,2.211652e+03,2.231412e+03,2.257670e+03,2.258379e+03,2.234996e+03,2.191111e+03,2.127289e+03,2.068178e+03,1.984226e+03,
2.058941e+03,2.080772e+03,2.088397e+03,2.073309e+03,2.051074e+03,2.041783e+03,2.007775e+03,1.967743e+03,1.926919e+03,1.883066e+03,1.848053e+03,1.796538e+03,1.746009e+03,1.695424e+03,1.645345e+03,1.594108e+03,1.550430e+03,1.504604e+03,1.465439e+03,1.429055e+03,1.405796e+03,1.390616e+03,1.383595e+03,1.381345e+03,1.382851e+03,1.386390e+03,1.390619e+03,1.395534e+03,1.402996e+03,1.412506e+03,1.431152e+03,1.459931e+03,1.502282e+03,1.550631e+03,1.622881e+03,1.691616e+03,1.766544e+03,1.857207e+03,1.943278e+03,2.026003e+03,2.084877e+03,2.155768e+03,2.214795e+03,2.254175e+03,2.273521e+03,2.289671e+03,2.263546e+03,2.215261e+03,2.150752e+03,2.073709e+03,1.988817e+03,
2.069948e+03,2.090862e+03,2.100492e+03,2.095197e+03,2.076588e+03,2.054743e+03,2.021508e+03,1.981810e+03,1.939670e+03,1.895053e+03,1.837634e+03,1.811171e+03,1.751448e+03,1.715326e+03,1.659792e+03,1.606386e+03,1.553455e+03,1.512791e+03,1.472929e+03,1.435231e+03,1.408779e+03,1.393060e+03,1.384130e+03,1.382003e+03,1.383439e+03,1.386872e+03,1.390849e+03,1.395205e+03,1.401543e+03,1.413441e+03,1.431783e+03,1.458180e+03,1.496358e+03,1.554298e+03,1.625924e+03,1.702979e+03,1.787522e+03,1.868705e+03,1.938887e+03,2.027183e+03,2.107958e+03,2.175600e+03,2.229742e+03,2.283117e+03,2.285773e+03,2.286194e+03,2.262418e+03,2.215262e+03,2.164073e+03,2.085460e+03,2.007015e+03,
2.080091e+03,2.103643e+03,2.106119e+03,2.097497e+03,2.090164e+03,2.062730e+03,2.029072e+03,1.989137e+03,1.948435e+03,1.891921e+03,1.866718e+03,1.819184e+03,1.768577e+03,1.716668e+03,1.664488e+03,1.611789e+03,1.569878e+03,1.515801e+03,1.471630e+03,1.434654e+03,1.408100e+03,1.392140e+03,1.383881e+03,1.382276e+03,1.383711e+03,1.387129e+03,1.390250e+03,1.394397e+03,1.400814e+03,1.411596e+03,1.431206e+03,1.456658e+03,1.497579e+03,1.557933e+03,1.629089e+03,1.709793e+03,1.794610e+03,1.877097e+03,1.949032e+03,2.039187e+03,2.119735e+03,2.186668e+03,2.240872e+03,2.293351e+03,2.296208e+03,2.297894e+03,2.275205e+03,2.229063e+03,2.165131e+03,2.087764e+03,2.004040e+03,
2.092407e+03,2.109658e+03,2.119992e+03,2.115425e+03,2.096831e+03,2.068029e+03,2.035443e+03,1.997903e+03,1.957482e+03,1.899874e+03,1.875513e+03,1.826112e+03,1.776292e+03,1.724796e+03,1.673301e+03,1.622568e+03,1.578125e+03,1.519470e+03,1.471946e+03,1.435134e+03,1.408176e+03,1.394481e+03,1.384904e+03,1.382502e+03,1.383672e+03,1.386044e+03,1.390286e+03,1.394304e+03,1.398741e+03,1.409799e+03,1.428927e+03,1.461599e+03,1.506401e+03,1.552561e+03,1.626209e+03,1.713156e+03,1.801045e+03,1.885139e+03,1.961256e+03,2.051082e+03,2.130609e+03,2.183910e+03,2.244292e+03,2.288047e+03,2.308539e+03,2.324550e+03,2.285808e+03,2.245692e+03,2.183509e+03,2.103924e+03,2.015758e+03,
2.097091e+03,2.118360e+03,2.126347e+03,2.122618e+03,2.104621e+03,2.076620e+03,2.042554e+03,2.012954e+03,1.969007e+03,1.924199e+03,1.878492e+03,1.830462e+03,1.791949e+03,1.735828e+03,1.687092e+03,1.629948e+03,1.570836e+03,1.517997e+03,1.472555e+03,1.441375e+03,1.411328e+03,1.393405e+03,1.384090e+03,1.381873e+03,1.382876e+03,1.385634e+03,1.387850e+03,1.393035e+03,1.397371e+03,1.408168e+03,1.428650e+03,1.456106e+03,1.499567e+03,1.562519e+03,1.635770e+03,1.718265e+03,1.806974e+03,1.890820e+03,1.981055e+03,2.051845e+03,2.130711e+03,2.201204e+03,2.258402e+03,2.313507e+03,2.332767e+03,2.315021e+03,2.292789e+03,2.244846e+03,2.179248e+03,2.103422e+03,2.019269e+03,
2.106623e+03,2.124123e+03,2.133899e+03,2.128701e+03,2.109316e+03,2.082008e+03,2.025217e+03,2.016367e+03,1.974620e+03,1.930766e+03,1.883090e+03,1.836245e+03,1.798291e+03,1.742387e+03,1.688889e+03,1.629473e+03,1.573298e+03,1.519688e+03,1.474006e+03,1.441936e+03,1.410181e+03,1.392845e+03,1.383182e+03,1.380445e+03,1.381493e+03,1.384161e+03,1.387183e+03,1.390840e+03,1.396916e+03,1.406955e+03,1.424266e+03,1.457383e+03,1.504436e+03,1.566612e+03,1.631517e+03,1.716378e+03,1.798340e+03,1.890061e+03,1.982952e+03,2.068405e+03,2.150207e+03,2.203659e+03,2.258903e+03,2.302066e+03,2.322189e+03,2.319756e+03,2.294520e+03,2.263884e+03,2.193502e+03,2.118811e+03,2.028595e+03,
2.108993e+03,2.131771e+03,2.132247e+03,2.133951e+03,2.101703e+03,2.091043e+03,2.059127e+03,2.019390e+03,1.981559e+03,1.940278e+03,1.894528e+03,1.844521e+03,1.794030e+03,1.740580e+03,1.685893e+03,1.634391e+03,1.582053e+03,1.526079e+03,1.474947e+03,1.435949e+03,1.408195e+03,1.392844e+03,1.382837e+03,1.380132e+03,1.380441e+03,1.383733e+03,1.386557e+03,1.390258e+03,1.396757e+03,1.407152e+03,1.424197e+03,1.453488e+03,1.497675e+03,1.561340e+03,1.639773e+03,1.726043e+03,1.807048e+03,1.892069e+03,1.984587e+03,2.070663e+03,2.149138e+03,2.202122e+03,2.263802e+03,2.306759e+03,2.326808e+03,2.324176e+03,2.317049e+03,2.260617e+03,2.190985e+03,2.113310e+03,2.028817e+03,
2.117414e+03,2.132854e+03,2.143475e+03,2.137086e+03,2.101844e+03,2.093322e+03,2.061012e+03,2.019216e+03,1.977423e+03,1.914970e+03,1.897580e+03,1.846189e+03,1.793407e+03,1.739756e+03,1.696710e+03,1.642057e+03,1.584426e+03,1.531770e+03,1.479242e+03,1.438079e+03,1.409142e+03,1.390240e+03,1.381486e+03,1.379041e+03,1.379637e+03,1.382955e+03,1.386732e+03,1.390255e+03,1.395569e+03,1.406848e+03,1.422173e+03,1.454464e+03,1.502777e+03,1.567251e+03,1.643133e+03,1.727314e+03,1.808532e+03,1.886729e+03,1.982627e+03,2.071226e+03,2.150997e+03,2.219044e+03,2.272592e+03,2.327551e+03,2.346471e+03,2.328649e+03,2.304914e+03,2.258840e+03,2.193937e+03,2.116084e+03,2.031990e+03,
2.118793e+03,2.138892e+03,2.146943e+03,2.139988e+03,2.120276e+03,2.092802e+03,2.058681e+03,2.000405e+03,1.986688e+03,1.938698e+03,1.892099e+03,1.844182e+03,1.794566e+03,1.752061e+03,1.693969e+03,1.635312e+03,1.576839e+03,1.531651e+03,1.480607e+03,1.441609e+03,1.411583e+03,1.392684e+03,1.381793e+03,1.378479e+03,1.379927e+03,1.382611e+03,1.385597e+03,1.389199e+03,1.395026e+03,1.406266e+03,1.424038e+03,1.454324e+03,1.501709e+03,1.563470e+03,1.641994e+03,1.727483e+03,1.810344e+03,1.887680e+03,1.985318e+03,2.069378e+03,2.148415e+03,2.215534e+03,2.270995e+03,2.312229e+03,2.351161e+03,2.346509e+03,2.317852e+03,2.263971e+03,2.202182e+03,2.119271e+03,2.033766e+03,
2.123014e+03,2.139697e+03,2.147439e+03,2.142406e+03,2.124416e+03,2.095508e+03,2.059964e+03,2.021345e+03,1.962568e+03,1.941871e+03,1.892770e+03,1.845445e+03,1.795971e+03,1.741763e+03,1.690064e+03,1.641563e+03,1.581346e+03,1.524083e+03,1.474155e+03,1.434833e+03,1.411736e+03,1.391153e+03,1.381927e+03,1.378754e+03,1.379211e+03,1.382366e+03,1.385409e+03,1.389818e+03,1.395273e+03,1.406673e+03,1.423584e+03,1.456874e+03,1.503196e+03,1.568132e+03,1.645038e+03,1.728980e+03,1.811184e+03,1.890131e+03,1.981660e+03,2.068200e+03,2.149872e+03,2.219860e+03,2.289077e+03,2.309379e+03,2.331056e+03,2.329535e+03,2.320985e+03,2.270456e+03,2.201243e+03,2.126584e+03,2.042653e+03,
2.120805e+03,2.140602e+03,2.148348e+03,2.144334e+03,2.125869e+03,2.095773e+03,2.060130e+03,2.020607e+03,1.978982e+03,1.943951e+03,1.896396e+03,1.849059e+03,1.797141e+03,1.741585e+03,1.686076e+03,1.630306e+03,1.586866e+03,1.528266e+03,1.479336e+03,1.438170e+03,1.408568e+03,1.389288e+03,1.380207e+03,1.378297e+03,1.379044e+03,1.381981e+03,1.385233e+03,1.389279e+03,1.395256e+03,1.406590e+03,1.423976e+03,1.455933e+03,1.500397e+03,1.559436e+03,1.634430e+03,1.722242e+03,1.814707e+03,1.905664e+03,1.992920e+03,2.061336e+03,2.143611e+03,2.212686e+03,2.269296e+03,2.310256e+03,2.331676e+03,2.346365e+03,2.308306e+03,2.262641e+03,2.197199e+03,2.117677e+03,2.036140e+03,
2.123114e+03,2.139011e+03,2.149532e+03,2.142718e+03,2.122979e+03,2.093920e+03,2.058253e+03,1.996374e+03,1.961135e+03,1.940960e+03,1.894769e+03,1.844040e+03,1.790914e+03,1.737733e+03,1.695671e+03,1.633152e+03,1.573762e+03,1.519032e+03,1.481423e+03,1.438799e+03,1.408197e+03,1.390264e+03,1.380411e+03,1.377403e+03,1.379972e+03,1.382588e+03,1.386263e+03,1.390055e+03,1.396587e+03,1.406053e+03,1.426597e+03,1.460707e+03,1.507214e+03,1.569787e+03,1.633461e+03,1.711182e+03,1.809823e+03,1.900305e+03,1.990362e+03,2.063239e+03,2.141896e+03,2.210605e+03,2.268842e+03,2.308113e+03,2.328361e+03,2.342841e+03,2.306326e+03,2.260506e+03,2.195981e+03,2.117028e+03,2.032331e+03,
2.121812e+03,2.139291e+03,2.148378e+03,2.140918e+03,2.121143e+03,2.096854e+03,2.060787e+03,2.020102e+03,1.975804e+03,1.930513e+03,1.868573e+03,1.844787e+03,1.792368e+03,1.738660e+03,1.683217e+03,1.625228e+03,1.568594e+03,1.524189e+03,1.477591e+03,1.437063e+03,1.407153e+03,1.388148e+03,1.379587e+03,1.377562e+03,1.379561e+03,1.382495e+03,1.386282e+03,1.389896e+03,1.396865e+03,1.407366e+03,1.429053e+03,1.461830e+03,1.501122e+03,1.555107e+03,1.634331e+03,1.715501e+03,1.809054e+03,1.899180e+03,1.971512e+03,2.058735e+03,2.135372e+03,2.206602e+03,2.263347e+03,2.303357e+03,2.323624e+03,2.341227e+03,2.310534e+03,2.258691e+03,2.194165e+03,2.116027e+03,2.031130e+03,
2.116898e+03,2.137490e+03,2.144549e+03,2.139389e+03,2.120136e+03,2.090850e+03,2.055947e+03,2.014712e+03,1.970764e+03,1.925456e+03,1.879247e+03,1.823429e+03,1.778335e+03,1.739211e+03,1.684107e+03,1.623294e+03,1.565791e+03,1.522377e+03,1.476416e+03,1.435525e+03,1.407036e+03,1.388736e+03,1.379833e+03,1.378191e+03,1.378803e+03,1.383160e+03,1.387367e+03,1.390982e+03,1.397961e+03,1.410312e+03,1.427143e+03,1.454682e+03,1.503187e+03,1.562368e+03,1.636262e+03,1.719875e+03,1.808256e+03,1.895721e+03,1.981086e+03,2.050703e+03,2.125280e+03,2.197659e+03,2.252657e+03,2.296474e+03,2.318174e+03,2.317069e+03,2.294797e+03,2.251772e+03,2.185036e+03,2.108394e+03,2.027768e+03,
2.115060e+03,2.133723e+03,2.142134e+03,2.133763e+03,2.113297e+03,2.083493e+03,2.031743e+03,1.990914e+03,1.950170e+03,1.925254e+03,1.877476e+03,1.830666e+03,1.776105e+03,1.724725e+03,1.668912e+03,1.625424e+03,1.566572e+03,1.510976e+03,1.466161e+03,1.430184e+03,1.403998e+03,1.386838e+03,1.379716e+03,1.378289e+03,1.380127e+03,1.383956e+03,1.387268e+03,1.393014e+03,1.399490e+03,1.410052e+03,1.429116e+03,1.458174e+03,1.502830e+03,1.565562e+03,1.635923e+03,1.717661e+03,1.802534e+03,1.886938e+03,1.974864e+03,2.044912e+03,2.124597e+03,2.193138e+03,2.252584e+03,2.306889e+03,2.308382e+03,2.309989e+03,2.286321e+03,2.240616e+03,2.188685e+03,2.114301e+03,2.029550e+03,
2.108142e+03,2.130521e+03,2.130239e+03,2.122472e+03,2.110646e+03,2.081391e+03,2.044052e+03,2.001690e+03,1.958039e+03,1.895473e+03,1.853987e+03,1.826747e+03,1.773343e+03,1.717624e+03,1.663065e+03,1.607989e+03,1.563083e+03,1.513335e+03,1.471694e+03,1.432128e+03,1.403536e+03,1.386802e+03,1.379499e+03,1.378400e+03,1.380359e+03,1.384028e+03,1.388576e+03,1.393912e+03,1.400795e+03,1.411074e+03,1.431941e+03,1.464378e+03,1.502087e+03,1.556226e+03,1.626853e+03,1.706022e+03,1.794659e+03,1.879600e+03,1.966308e+03,2.051255e+03,2.111726e+03,2.184940e+03,2.242712e+03,2.298086e+03,2.298622e+03,2.300915e+03,2.279763e+03,2.234146e+03,2.170632e+03,2.101959e+03,2.024561e+03,
2.102104e+03,2.123314e+03,2.130229e+03,2.112027e+03,2.103244e+03,2.071880e+03,2.033710e+03,1.971338e+03,1.956593e+03,1.909252e+03,1.858866e+03,1.808162e+03,1.757431e+03,1.716165e+03,1.654870e+03,1.607865e+03,1.552499e+03,1.502258e+03,1.459737e+03,1.425688e+03,1.404485e+03,1.387504e+03,1.378931e+03,1.377424e+03,1.379912e+03,1.383751e+03,1.387140e+03,1.393441e+03,1.401123e+03,1.413499e+03,1.434238e+03,1.464875e+03,1.501880e+03,1.553957e+03,1.623798e+03,1.704103e+03,1.788404e+03,1.872425e+03,1.956726e+03,2.019794e+03,2.095955e+03,2.171934e+03,2.225463e+03,2.267314e+03,2.288895e+03,2.289980e+03,2.267740e+03,2.222741e+03,2.167949e+03,2.097435e+03,2.010404e+03,
2.092008e+03,2.113576e+03,2.116112e+03,2.113977e+03,2.094052e+03,2.064011e+03,2.025309e+03,1.964390e+03,1.944636e+03,1.896353e+03,1.847243e+03,1.797780e+03,1.741619e+03,1.703096e+03,1.649956e+03,1.597454e+03,1.543367e+03,1.496368e+03,1.461463e+03,1.427433e+03,1.402668e+03,1.386295e+03,1.377358e+03,1.376417e+03,1.378236e+03,1.382192e+03,1.387865e+03,1.393226e+03,1.402112e+03,1.414924e+03,1.432667e+03,1.459955e+03,1.502154e+03,1.556343e+03,1.623864e+03,1.699952e+03,1.776207e+03,1.854019e+03,1.937308e+03,2.022970e+03,2.082992e+03,2.157848e+03,2.215417e+03,2.256280e+03,2.295688e+03,2.277329e+03,2.259995e+03,2.219584e+03,2.154816e+03,2.076652e+03,1.995956e+03,
2.085566e+03,2.102274e+03,2.111313e+03,2.102929e+03,2.082042e+03,2.033923e+03,1.996807e+03,1.958652e+03,1.933273e+03,1.886603e+03,1.837756e+03,1.788420e+03,1.736913e+03,1.684516e+03,1.633949e+03,1.589599e+03,1.534513e+03,1.488743e+03,1.450221e+03,1.425675e+03,1.398644e+03,1.383104e+03,1.375266e+03,1.374237e+03,1.375776e+03,1.379246e+03,1.384371e+03,1.391744e+03,1.401454e+03,1.414331e+03,1.433666e+03,1.463452e+03,1.499341e+03,1.545285e+03,1.610370e+03,1.684359e+03,1.765261e+03,1.847851e+03,1.931554e+03,2.013903e+03,2.073552e+03,2.144545e+03,2.202290e+03,2.232607e+03,2.261496e+03,2.263174e+03,2.241994e+03,2.197757e+03,2.147204e+03,2.065218e+03,1.985542e+03,
2.072210e+03,2.092444e+03,2.100112e+03,2.080755e+03,2.072659e+03,2.041907e+03,2.003241e+03,1.959979e+03,1.924182e+03,1.877362e+03,1.823859e+03,1.773059e+03,1.722196e+03,1.669220e+03,1.631697e+03,1.573931e+03,1.532944e+03,1.486200e+03,1.446811e+03,1.414795e+03,1.391593e+03,1.380681e+03,1.372429e+03,1.371266e+03,1.372711e+03,1.377032e+03,1.383024e+03,1.390011e+03,1.399938e+03,1.410143e+03,1.429037e+03,1.457014e+03,1.495072e+03,1.546443e+03,1.611676e+03,1.681409e+03,1.754289e+03,1.835270e+03,1.916931e+03,1.984613e+03,2.065327e+03,2.130991e+03,2.185587e+03,2.238223e+03,2.243623e+03,2.247312e+03,2.227124e+03,2.182641e+03,2.133220e+03,2.051326e+03,1.970953e+03,
2.055796e+03,2.077701e+03,2.083929e+03,2.076399e+03,2.054531e+03,2.024582e+03,1.975368e+03,1.950789e+03,1.902846e+03,1.855126e+03,1.805784e+03,1.747824e+03,1.702691e+03,1.664844e+03,1.612344e+03,1.562597e+03,1.514060e+03,1.471808e+03,1.435996e+03,1.407419e+03,1.385607e+03,1.373975e+03,1.367601e+03,1.365880e+03,1.367738e+03,1.372141e+03,1.378531e+03,1.385787e+03,1.395884e+03,1.409692e+03,1.428611e+03,1.453653e+03,1.486362e+03,1.535804e+03,1.595303e+03,1.663195e+03,1.739563e+03,1.819667e+03,1.898922e+03,1.960002e+03,2.043269e+03,2.107942e+03,2.164755e+03,2.204436e+03,2.241278e+03,2.241576e+03,2.211486e+03,2.167487e+03,2.108588e+03,2.034503e+03,1.955428e+03,
2.038496e+03,2.060410e+03,2.067734e+03,2.061225e+03,2.039589e+03,2.008946e+03,1.971807e+03,1.910144e+03,1.890150e+03,1.839261e+03,1.788465e+03,1.750094e+03,1.695574e+03,1.641769e+03,1.591874e+03,1.546324e+03,1.503081e+03,1.466703e+03,1.428174e+03,1.398482e+03,1.378086e+03,1.366105e+03,1.359133e+03,1.358860e+03,1.360700e+03,1.365059e+03,1.371745e+03,1.379449e+03,1.390288e+03,1.401114e+03,1.420389e+03,1.448162e+03,1.485040e+03,1.527934e+03,1.579037e+03,1.646889e+03,1.724008e+03,1.801518e+03,1.878593e+03,1.958401e+03,2.013371e+03,2.081858e+03,2.141882e+03,2.183586e+03,2.220567e+03,2.219205e+03,2.189771e+03,2.149946e+03,2.090128e+03,2.019126e+03,1.937904e+03,
2.019301e+03,2.041043e+03,2.048971e+03,2.041383e+03,2.019703e+03,1.990185e+03,1.950490e+03,1.910501e+03,1.849686e+03,1.806538e+03,1.774602e+03,1.725734e+03,1.673843e+03,1.623996e+03,1.573980e+03,1.529594e+03,1.487286e+03,1.448463e+03,1.415939e+03,1.387824e+03,1.368434e+03,1.355807e+03,1.350165e+03,1.349976e+03,1.351983e+03,1.356844e+03,1.362769e+03,1.370802e+03,1.381062e+03,1.395103e+03,1.413218e+03,1.437870e+03,1.470353e+03,1.517577e+03,1.575673e+03,1.635406e+03,1.698759e+03,1.780653e+03,1.857226e+03,1.934935e+03,2.006601e+03,2.072101e+03,2.114163e+03,2.156952e+03,2.179547e+03,2.195761e+03,2.166821e+03,2.127322e+03,2.071166e+03,1.998463e+03,1.918077e+03,
2.000342e+03,2.018984e+03,2.027063e+03,2.010594e+03,2.000859e+03,1.970263e+03,1.931836e+03,1.887409e+03,1.842463e+03,1.796361e+03,1.748332e+03,1.707332e+03,1.653810e+03,1.602792e+03,1.554519e+03,1.509943e+03,1.469087e+03,1.432025e+03,1.401342e+03,1.376222e+03,1.356941e+03,1.346695e+03,1.340063e+03,1.338953e+03,1.341269e+03,1.346146e+03,1.352799e+03,1.360980e+03,1.371112e+03,1.380922e+03,1.399646e+03,1.426296e+03,1.460882e+03,1.504790e+03,1.555199e+03,1.617788e+03,1.675069e+03,1.759566e+03,1.821068e+03,1.898927e+03,1.970473e+03,2.036115e+03,2.089534e+03,2.129833e+03,2.150591e+03,2.168116e+03,2.139034e+03,2.103232e+03,2.046121e+03,1.975687e+03,1.896249e+03,
1.971904e+03,1.991455e+03,2.000921e+03,1.994322e+03,1.972104e+03,1.926747e+03,1.911258e+03,1.867828e+03,1.819735e+03,1.771580e+03,1.724618e+03,1.684126e+03,1.630194e+03,1.581890e+03,1.533899e+03,1.488440e+03,1.448280e+03,1.413923e+03,1.383727e+03,1.362329e+03,1.343388e+03,1.331443e+03,1.325827e+03,1.325858e+03,1.328147e+03,1.332925e+03,1.339579e+03,1.346548e+03,1.357180e+03,1.369029e+03,1.388443e+03,1.409970e+03,1.442093e+03,1.485370e+03,1.538699e+03,1.596790e+03,1.662300e+03,1.720690e+03,1.799428e+03,1.874584e+03,1.945730e+03,2.014563e+03,2.054912e+03,2.097834e+03,2.119299e+03,2.122102e+03,2.114562e+03,2.071530e+03,2.014101e+03,1.946180e+03,1.870098e+03,
1.941813e+03,1.964220e+03,1.971097e+03,1.965238e+03,1.944093e+03,1.914850e+03,1.877592e+03,1.835333e+03,1.775409e+03,1.734295e+03,1.701346e+03,1.649865e+03,1.599983e+03,1.553858e+03,1.507506e+03,1.471864e+03,1.429822e+03,1.394452e+03,1.363150e+03,1.340139e+03,1.324495e+03,1.314891e+03,1.310855e+03,1.309127e+03,1.313179e+03,1.318079e+03,1.324611e+03,1.332430e+03,1.341576e+03,1.354940e+03,1.372621e+03,1.395909e+03,1.425789e+03,1.465504e+03,1.510382e+03,1.571648e+03,1.637661e+03,1.704757e+03,1.776177e+03,1.831878e+03,1.903051e+03,1.965228e+03,2.020424e+03,2.060379e+03,2.081389e+03,2.088311e+03,2.071945e+03,2.045047e+03,1.988333e+03,1.922070e+03,1.843322e+03,
1.909937e+03,1.931661e+03,1.934542e+03,1.932071e+03,1.912919e+03,1.883767e+03,1.844316e+03,1.802643e+03,1.757510e+03,1.700324e+03,1.674910e+03,1.621873e+03,1.572106e+03,1.525297e+03,1.480662e+03,1.446166e+03,1.403128e+03,1.369006e+03,1.341295e+03,1.320873e+03,1.307788e+03,1.295873e+03,1.292498e+03,1.292947e+03,1.296487e+03,1.301307e+03,1.307726e+03,1.316210e+03,1.323283e+03,1.335771e+03,1.350882e+03,1.373678e+03,1.404294e+03,1.444105e+03,1.490865e+03,1.545319e+03,1.607261e+03,1.673123e+03,1.742960e+03,1.812177e+03,1.878013e+03,1.924570e+03,1.980195e+03,2.019318e+03,2.044026e+03,2.048968e+03,2.032620e+03,1.996396e+03,1.951767e+03,1.884142e+03,1.817420e+03,
1.871254e+03,1.894332e+03,1.901957e+03,1.894299e+03,1.875666e+03,1.844965e+03,1.808861e+03,1.769560e+03,1.711730e+03,1.684905e+03,1.636336e+03,1.587008e+03,1.539139e+03,1.493858e+03,1.452646e+03,1.412250e+03,1.376972e+03,1.344801e+03,1.320257e+03,1.298301e+03,1.283988e+03,1.275830e+03,1.271596e+03,1.272037e+03,1.276081e+03,1.281376e+03,1.288419e+03,1.296178e+03,1.302596e+03,1.315258e+03,1.331394e+03,1.351780e+03,1.381498e+03,1.416642e+03,1.454247e+03,1.506379e+03,1.571244e+03,1.636285e+03,1.703536e+03,1.768781e+03,1.831145e+03,1.897635e+03,1.934939e+03,1.974094e+03,1.998173e+03,2.004792e+03,1.987268e+03,1.953628e+03,1.904230e+03,1.841833e+03,1.774072e+03,
1.827930e+03,1.846496e+03,1.857038e+03,1.850316e+03,1.831264e+03,1.805582e+03,1.756219e+03,1.733494e+03,1.690394e+03,1.646246e+03,1.599790e+03,1.550271e+03,1.503828e+03,1.458791e+03,1.419327e+03,1.387550e+03,1.349961e+03,1.317472e+03,1.292866e+03,1.273157e+03,1.260670e+03,1.253506e+03,1.250341e+03,1.249973e+03,1.254357e+03,1.259456e+03,1.266474e+03,1.273742e+03,1.282019e+03,1.290917e+03,1.305000e+03,1.324391e+03,1.354154e+03,1.390152e+03,1.434699e+03,1.482270e+03,1.531281e+03,1.596306e+03,1.664542e+03,1.724229e+03,1.791879e+03,1.835975e+03,1.886914e+03,1.923892e+03,1.949282e+03,1.952690e+03,1.938107e+03,1.913707e+03,1.866841e+03,1.804212e+03,1.732921e+03,
1.780381e+03,1.799079e+03,1.808721e+03,1.803570e+03,1.785486e+03,1.745710e+03,1.714555e+03,1.687093e+03,1.644909e+03,1.600027e+03,1.554933e+03,1.510591e+03,1.467243e+03,1.428122e+03,1.385767e+03,1.349862e+03,1.318773e+03,1.288329e+03,1.264850e+03,1.247097e+03,1.235188e+03,1.227381e+03,1.226064e+03,1.226961e+03,1.230675e+03,1.235952e+03,1.242033e+03,1.250273e+03,1.258867e+03,1.267275e+03,1.280921e+03,1.298704e+03,1.324479e+03,1.358672e+03,1.402145e+03,1.447594e+03,1.501588e+03,1.550071e+03,1.614904e+03,1.680817e+03,1.736106e+03,1.797365e+03,1.831516e+03,1.870947e+03,1.893749e+03,1.899065e+03,1.882960e+03,1.860341e+03,1.811908e+03,1.752730e+03,1.684790e+03,
1.725003e+03,1.746086e+03,1.749368e+03,1.748907e+03,1.731980e+03,1.704906e+03,1.674795e+03,1.637755e+03,1.602326e+03,1.558353e+03,1.510972e+03,1.468302e+03,1.429397e+03,1.386060e+03,1.351490e+03,1.315246e+03,1.287751e+03,1.259083e+03,1.237155e+03,1.219365e+03,1.208014e+03,1.201719e+03,1.199872e+03,1.201583e+03,1.203564e+03,1.208235e+03,1.215054e+03,1.222882e+03,1.231543e+03,1.240295e+03,1.253872e+03,1.273271e+03,1.294089e+03,1.324209e+03,1.363752e+03,1.411106e+03,1.460713e+03,1.514652e+03,1.571396e+03,1.632605e+03,1.675649e+03,1.732707e+03,1.779889e+03,1.809726e+03,1.828101e+03,1.836835e+03,1.825092e+03,1.795046e+03,1.755904e+03,1.702169e+03,1.638341e+03,
1.666063e+03,1.685301e+03,1.693790e+03,1.689483e+03,1.674316e+03,1.649255e+03,1.617172e+03,1.585248e+03,1.546618e+03,1.507985e+03,1.471022e+03,1.427370e+03,1.386094e+03,1.346971e+03,1.313522e+03,1.280039e+03,1.249896e+03,1.227866e+03,1.206725e+03,1.190080e+03,1.178393e+03,1.172791e+03,1.171978e+03,1.170787e+03,1.175519e+03,1.179759e+03,1.186038e+03,1.193589e+03,1.202356e+03,1.211299e+03,1.226122e+03,1.242615e+03,1.261171e+03,1.291209e+03,1.325897e+03,1.368923e+03,1.420203e+03,1.468407e+03,1.524416e+03,1.569935e+03,1.625187e+03,1.674640e+03,1.712126e+03,1.753315e+03,1.764075e+03,1.769435e+03,1.756652e+03,1.727827e+03,1.691529e+03,1.638787e+03,1.585364e+03,
1.601667e+03,1.618318e+03,1.626128e+03,1.623890e+03,1.609931e+03,1.587978e+03,1.557891e+03,1.524032e+03,1.487318e+03,1.454101e+03,1.407569e+03,1.379592e+03,1.343692e+03,1.306233e+03,1.271410e+03,1.240524e+03,1.215512e+03,1.189531e+03,1.172144e+03,1.157057e+03,1.147913e+03,1.142606e+03,1.138853e+03,1.140342e+03,1.144196e+03,1.148702e+03,1.154497e+03,1.161988e+03,1.170614e+03,1.180626e+03,1.193757e+03,1.205737e+03,1.226448e+03,1.255413e+03,1.289675e+03,1.329301e+03,1.371321e+03,1.418745e+03,1.471596e+03,1.509653e+03,1.563943e+03,1.610378e+03,1.643396e+03,1.672405e+03,1.698590e+03,1.701492e+03,1.685666e+03,1.659946e+03,1.619938e+03,1.570473e+03,1.517520e+03,
1.533832e+03,1.546260e+03,1.554255e+03,1.551296e+03,1.540920e+03,1.520687e+03,1.485563e+03,1.465745e+03,1.433991e+03,1.396906e+03,1.362437e+03,1.325287e+03,1.294747e+03,1.256985e+03,1.233050e+03,1.202734e+03,1.177525e+03,1.154861e+03,1.136301e+03,1.124238e+03,1.113261e+03,1.107837e+03,1.107521e+03,1.108722e+03,1.111213e+03,1.115768e+03,1.122635e+03,1.128964e+03,1.138020e+03,1.145171e+03,1.159237e+03,1.175406e+03,1.195436e+03,1.217595e+03,1.250848e+03,1.287790e+03,1.324498e+03,1.370905e+03,1.412302e+03,1.459418e+03,1.498842e+03,1.546152e+03,1.572111e+03,1.600354e+03,1.615626e+03,1.621793e+03,1.607995e+03,1.585205e+03,1.551572e+03,1.508461e+03,1.460083e+03,
