0.0               1.5               0.0               504.888997269664
0.0               1.535             0.0               490.550494749336
0.0               1.57              0.0               476.211992229009
0.0               1.605             0.0               461.87348970868
0.0               1.64              0.0               447.534987188353
0.0               1.675             0.0               433.196484668025
0.0               1.71              0.0               422.185540613994
0.0               1.745             0.0               414.834910872891
0.0               1.78              0.0               407.484281131788
0.0               1.815             0.0               400.133651390686
0.0               1.85              0.0               392.783021649583
0.0               1.885             0.0               385.43239190848
0.0               1.92              0.0               381.43576435664
0.0               1.955             0.0               377.681766750406
0.0               1.99              0.0               373.927769144173
0.0               2.025             0.0               370.173771537939
0.0               2.06              0.0               366.419773931706
0.0               2.095             0.0               363.241830525978
0.0               2.13              0.0               360.969115149615
0.0               2.165             0.0               358.696399773252
0.0               2.2               0.0               356.42368439689
0.0               2.235             0.0               354.150969020527
0.0               2.27              0.0               351.878253644164
0.0               2.305             0.0               350.334511585938
0.0               2.34              0.0               348.924243515539
0.0               2.375             0.0               347.513975445141
0.0               2.41              0.0               346.103707374742
0.0               2.445             0.0               344.693439304344
0.0               2.48              0.0               343.289876294789
0.0               2.515             0.0               341.901840794557
0.0               2.55              0.0               340.513805294325
0.0               2.585             0.0               339.125769794093
0.0               2.62              0.0               337.737734293861
0.0               2.655             0.0               336.349698793629
0.0               2.69              0.0               334.845595743735
0.0               2.725             0.0               333.30442399997
0.0               2.76              0.0               331.763252256205
0.0               2.795             0.0               330.22208051244
0.0               2.83              0.0               328.680908768675
0.0               2.865             0.0               327.135466515738
0.0               2.9               0.0               325.574365729174
0.0               2.935             0.0               324.01326494261
0.0               2.97              0.0               322.452164156046
0.0               3.005             0.0               320.891063369481
0.0               3.04              0.0               319.329962582917
0.0               3.075             0.0               317.500364292016
0.0               3.11              0.0               315.53890036289
0.0               3.145             0.0               313.577436433764
0.0               3.18              0.0               311.615972504638
0.0               3.215             0.0               309.654508575512
0.0               3.25              0.0               307.705094497309
0.0               3.285             0.0               305.838523144201
0.0               3.32              0.0               303.971951791094
0.0               3.355             0.0               302.105380437986
0.0               3.39              0.0               300.238809084878
0.0               3.425             0.0               298.372237731771
0.0               3.46              0.0               296.461078450129
0.0               3.495             0.0               294.518070648106
0.0               3.53              0.0               292.575062846083
0.0               3.565             0.0               290.632055044059
0.0               3.6               0.0               288.689047242036
0.0               3.635             0.0               286.751959567924
0.0               3.67              0.0               284.958138989253
0.0               3.705             0.0               283.164318410582
0.0               3.74              0.0               281.370497831911
0.0               3.775             0.0               279.57667725324
0.0               3.81              0.0               277.782856674569
0.0               3.845             0.0               276.005534291041
0.0               3.88              0.0               274.244974073778
0.0               3.915             0.0               272.484413856515
0.0               3.95              0.0               270.723853639252
0.0               3.985             0.0               268.963293421989
0.0               4.02              0.0               267.202733204727
0.0               4.055             0.0               265.495045109883
0.0               4.09              0.0               263.79000062116
0.0               4.125             0.0               262.084956132437
0.0               4.16              0.0               260.379911643714
0.0               4.195             0.0               258.674867154992
0.0               4.23              0.0               257.073804309018
0.0               4.265             0.0               255.62316150935
0.0               4.3               0.0               254.172518709682
0.0               4.335             0.0               252.721875910014
0.0               4.37              0.0               251.271233110346
0.0               4.405             0.0               249.820590310679
0.0               4.44              0.0               248.377466621113
0.0               4.475             0.0               246.935515636793
0.0               4.51              0.0               245.493564652473
0.0               4.545             0.0               244.051613668152
0.0               4.58              0.0               242.609662683832
0.0               4.615             0.0               241.230205607781
0.0               4.65              0.0               239.982680115852
0.0               4.685             0.0               238.735154623924
0.0               4.72              0.0               237.487629131995
0.0               4.755             0.0               236.240103640067
0.0               4.79              0.0               234.992578148138
0.0               4.825             0.0               233.880845103667
0.0               4.86              0.0               232.807909901326
0.0               4.895             0.0               231.734974698985
0.0               4.93              0.0               230.662039496643
0.0               4.965             0.0               229.589104294302
0.0               5.0               0.0               228.554021726556
