0.0               1.5               0.0               516.474356216655
0.0               1.535             0.0               501.529863163078
0.0               1.57              0.0               486.585370109501
0.0               1.605             0.0               471.640877055924
0.0               1.64              0.0               456.696384002347
0.0               1.675             0.0               441.75189094877
0.0               1.71              0.0               429.638358225766
0.0               1.745             0.0               420.638881866393
0.0               1.78              0.0               411.63940550702
0.0               1.815             0.0               402.639929147647
0.0               1.85              0.0               393.640452788273
0.0               1.885             0.0               384.6409764289
0.0               1.92              0.0               380.017790171608
0.0               1.955             0.0               375.711186602551
0.0               1.99              0.0               371.404583033494
0.0               2.025             0.0               367.097979464437
0.0               2.06              0.0               362.79137589538
0.0               2.095             0.0               359.289067979898
0.0               2.13              0.0               357.050653234321
0.0               2.165             0.0               354.812238488744
0.0               2.2               0.0               352.573823743166
0.0               2.235             0.0               350.335408997589
0.0               2.27              0.0               348.096994252012
0.0               2.305             0.0               346.425348779112
0.0               2.34              0.0               344.857477961772
0.0               2.375             0.0               343.289607144432
0.0               2.41              0.0               341.721736327093
0.0               2.445             0.0               340.153865509753
0.0               2.48              0.0               338.650590512459
0.0               2.515             0.0               337.296905835272
0.0               2.55              0.0               335.943221158085
0.0               2.585             0.0               334.589536480898
0.0               2.62              0.0               333.23585180371
0.0               2.655             0.0               331.882167126523
0.0               2.69              0.0               330.400325988773
0.0               2.725             0.0               328.87755530079
0.0               2.76              0.0               327.354784612807
0.0               2.795             0.0               325.832013924825
0.0               2.83              0.0               324.309243236842
0.0               2.865             0.0               322.774425388467
0.0               2.9               0.0               321.195434618651
0.0               2.935             0.0               319.616443848836
0.0               2.97              0.0               318.037453079021
0.0               3.005             0.0               316.458462309206
0.0               3.04              0.0               314.879471539391
0.0               3.075             0.0               313.125971780674
0.0               3.11              0.0               311.286766423859
0.0               3.145             0.0               309.447561067043
0.0               3.18              0.0               307.608355710227
0.0               3.215             0.0               305.769150353412
0.0               3.25              0.0               303.954632272454
0.0               3.285             0.0               302.30983921302
0.0               3.32              0.0               300.665046153586
0.0               3.355             0.0               299.020253094153
0.0               3.39              0.0               297.375460034719
0.0               3.425             0.0               295.730666975285
0.0               3.46              0.0               293.915738966508
0.0               3.495             0.0               291.979285993915
0.0               3.53              0.0               290.042833021322
0.0               3.565             0.0               288.106380048729
0.0               3.6               0.0               286.169927076136
0.0               3.635             0.0               284.239622205605
0.0               3.67              0.0               282.458101404989
0.0               3.705             0.0               280.676580604372
0.0               3.74              0.0               278.895059803756
0.0               3.775             0.0               277.113539003139
0.0               3.81              0.0               275.332018202523
0.0               3.845             0.0               273.561351238493
0.0               3.88              0.0               271.801711772434
0.0               3.915             0.0               270.042072306376
0.0               3.95              0.0               268.282432840317
0.0               3.985             0.0               266.522793374258
0.0               4.02              0.0               264.7631539082
0.0               4.055             0.0               263.115388370938
0.0               4.09              0.0               261.473216530116
0.0               4.125             0.0               259.831044689294
0.0               4.16              0.0               258.188872848472
0.0               4.195             0.0               256.54670100765
0.0               4.23              0.0               254.973919193431
0.0               4.265             0.0               253.501517126434
0.0               4.3               0.0               252.029115059437
0.0               4.335             0.0               250.556712992439
0.0               4.37              0.0               249.084310925442
0.0               4.405             0.0               247.611908858445
0.0               4.44              0.0               246.213389936159
0.0               4.475             0.0               244.82639407314
0.0               4.51              0.0               243.439398210121
0.0               4.545             0.0               242.052402347102
0.0               4.58              0.0               240.665406484082
0.0               4.615             0.0               239.369631874161
0.0               4.65              0.0               238.266435465223
0.0               4.685             0.0               237.163239056286
0.0               4.72              0.0               236.060042647349
0.0               4.755             0.0               234.956846238411
0.0               4.79              0.0               233.853649829474
0.0               4.825             0.0               232.753373609859
0.0               4.86              0.0               231.653931730051
0.0               4.895             0.0               230.554489850242
0.0               4.93              0.0               229.455047970434
0.0               4.965             0.0               228.355606090626
0.0               5.0               0.0               227.303507083197