0.0               30.0              0.0               486.998755960724
0.0               30.3              0.0               480.832154466013
0.0               30.6              0.0               474.665552971302
0.0               30.9              0.0               468.498951476591
0.0               31.2              0.0               462.33234998188
0.0               31.5              0.0               456.165748487169
0.0               31.8              0.0               449.999146992458
0.0               32.1              0.0               444.883279283722
0.0               32.4              0.0               440.532345771177
0.0               32.7              0.0               436.181412258632
0.0               33.0              0.0               431.830478746087
0.0               33.3              0.0               427.479545233542
0.0               33.6              0.0               423.128611720996
0.0               33.9              0.0               418.877481522521
0.0               34.2              0.0               415.424777836603
0.0               34.5              0.0               411.972074150686
0.0               34.8              0.0               408.519370464768
0.0               35.1              0.0               405.06666677885
0.0               35.4              0.0               401.613963092933
0.0               35.7              0.0               398.161259407015
0.0               36.0              0.0               395.529339419824
0.0               36.3              0.0               393.352098172217
0.0               36.6              0.0               391.174856924609
0.0               36.9              0.0               388.997615677001
0.0               37.2              0.0               386.820374429393
0.0               37.5              0.0               384.643133181785
0.0               37.8              0.0               382.577007108052
0.0               38.1              0.0               381.031367901417
0.0               38.4              0.0               379.485728694782
0.0               38.7              0.0               377.940089488147
0.0               39.0              0.0               376.394450281511
0.0               39.3              0.0               374.848811074876
0.0               39.6              0.0               373.303171868241
0.0               39.9              0.0               372.052179213212
0.0               40.2              0.0               370.922511608845
0.0               40.5              0.0               369.792844004479
0.0               40.8              0.0               368.663176400112
0.0               41.1              0.0               367.533508795745
0.0               41.4              0.0               366.403841191378
0.0               41.7              0.0               365.336107073242
0.0               42.0              0.0               364.463701642448
0.0               42.3              0.0               363.591296211653
0.0               42.6              0.0               362.718890780859
0.0               42.9              0.0               361.846485350065
0.0               43.2              0.0               360.974079919271
0.0               43.5              0.0               360.101674488476
0.0               43.8              0.0               359.402044730448
0.0               44.1              0.0               358.753109630895
0.0               44.4              0.0               358.104174531343
0.0               44.7              0.0               357.45523943179
0.0               45.0              0.0               356.806304332237
0.0               45.3              0.0               356.157369232685
0.0               45.6              0.0               355.530648244488
0.0               45.9              0.0               354.95441387301
0.0               46.2              0.0               354.378179501532
0.0               46.5              0.0               353.801945130054
0.0               46.8              0.0               353.225710758576
0.0               47.1              0.0               352.649476387098
0.0               47.4              0.0               352.07324201562
0.0               47.7              0.0               351.545540785191
0.0               48.0              0.0               351.027224416291
0.0               48.3              0.0               350.508908047391
0.0               48.6              0.0               349.990591678491
0.0               48.9              0.0               349.472275309592
0.0               49.2              0.0               348.953958940692
0.0               49.5              0.0               348.397254714718
0.0               49.8              0.0               347.775291131718
0.0               50.1              0.0               347.153327548718
0.0               50.4              0.0               346.531363965718
0.0               50.7              0.0               345.909400382718
0.0               51.0              0.0               345.287436799718
0.0               51.3              0.0               344.665473216718
0.0               51.6              0.0               344.09231431897
0.0               51.9              0.0               343.524411310402
0.0               52.2              0.0               342.956508301834
0.0               52.5              0.0               342.388605293266
0.0               52.8              0.0               341.820702284698
0.0               53.1              0.0               341.252799276131
0.0               53.4              0.0               340.634016994787
0.0               53.7              0.0               339.949199912608
0.0               54.0              0.0               339.264382830428
0.0               54.3              0.0               338.579565748248
0.0               54.6              0.0               337.894748666069
0.0               54.9              0.0               337.209931583889
0.0               55.2              0.0               336.52511450171
0.0               55.5              0.0               335.949556413446
0.0               55.8              0.0               335.377657717324
0.0               56.1              0.0               334.805759021201
0.0               56.4              0.0               334.233860325079
0.0               56.7              0.0               333.661961628957
0.0               57.0              0.0               333.090062932834
0.0               57.3              0.0               332.41310341421
0.0               57.6              0.0               331.631083073083
0.0               57.9              0.0               330.849062731956
0.0               58.2              0.0               330.06704239083
0.0               58.5              0.0               329.285022049703
0.0               58.8              0.0               328.503001708576
0.0               59.1              0.0               327.719877528905
0.0               59.4              0.0               326.903795884105
0.0               59.7              0.0               326.087714239306
0.0               60.0              0.0               325.271632594506
