0.0               1.5               0.0               336.120175502977
0.0               1.535             0.0               343.237568961851
0.0               1.57              0.0               350.354962420724
0.0               1.605             0.0               357.472355879597
0.0               1.64              0.0               364.58974933847
0.0               1.675             0.0               371.707142797344
0.0               1.71              0.0               378.194401049784
0.0               1.745             0.0               383.988510575147
0.0               1.78              0.0               389.782620100511
0.0               1.815             0.0               395.576729625875
0.0               1.85              0.0               401.370839151238
0.0               1.885             0.0               407.164948676602
0.0               1.92              0.0               411.225451029938
0.0               1.955             0.0               415.160543502744
0.0               1.99              0.0               419.095635975551
0.0               2.025             0.0               423.030728448357
0.0               2.06              0.0               426.965820921164
0.0               2.095             0.0               429.830421583813
0.0               2.13              0.0               431.012820830498
0.0               2.165             0.0               432.195220077184
0.0               2.2               0.0               433.37761932387
0.0               2.235             0.0               434.560018570555
0.0               2.27              0.0               435.742417817241
0.0               2.305             0.0               435.292309368458
0.0               2.34              0.0               434.543291059941
0.0               2.375             0.0               433.794272751425
0.0               2.41              0.0               433.045254442908
0.0               2.445             0.0               432.296236134392
0.0               2.48              0.0               431.200427051516
0.0               2.515             0.0               429.301523543807
0.0               2.55              0.0               427.402620036099
0.0               2.585             0.0               425.50371652839
0.0               2.62              0.0               423.604813020681
0.0               2.655             0.0               421.705909512973
0.0               2.69              0.0               419.108382112407
0.0               2.725             0.0               416.287733992132
0.0               2.76              0.0               413.467085871858
0.0               2.795             0.0               410.646437751583
0.0               2.83              0.0               407.825789631309
0.0               2.865             0.0               404.926108265773
0.0               2.9               0.0               401.736638334278
0.0               2.935             0.0               398.547168402782
0.0               2.97              0.0               395.357698471287
0.0               3.005             0.0               392.168228539792
0.0               3.04              0.0               388.978758608296
0.0               3.075             0.0               385.692196983514
0.0               3.11              0.0               382.357951272681
0.0               3.145             0.0               379.023705561847
0.0               3.18              0.0               375.689459851014
0.0               3.215             0.0               372.35521414018
0.0               3.25              0.0               369.040026228211
0.0               3.285             0.0               365.855860683434
0.0               3.32              0.0               362.671695138658
0.0               3.355             0.0               359.487529593882
0.0               3.39              0.0               356.303364049105
0.0               3.425             0.0               353.119198504329
0.0               3.46              0.0               349.863499384091
0.0               3.495             0.0               346.556704852811
0.0               3.53              0.0               343.24991032153
0.0               3.565             0.0               339.943115790249
0.0               3.6               0.0               336.636321258968
0.0               3.635             0.0               333.347736013418
0.0               3.67              0.0               330.499815482541
0.0               3.705             0.0               327.651894951664
0.0               3.74              0.0               324.803974420786
0.0               3.775             0.0               321.956053889909
0.0               3.81              0.0               319.108133359032
0.0               3.845             0.0               316.27126480302
0.0               3.88              0.0               313.44562505347
0.0               3.915             0.0               310.619985303921
0.0               3.95              0.0               307.794345554371
0.0               3.985             0.0               304.968705804822
0.0               4.02              0.0               302.143066055272
0.0               4.055             0.0               299.658675734349
0.0               4.09              0.0               297.191347884858
0.0               4.125             0.0               294.724020035367
0.0               4.16              0.0               292.256692185875
0.0               4.195             0.0               289.789364336384
0.0               4.23              0.0               287.428716187168
0.0               4.265             0.0               285.222391099517
0.0               4.3               0.0               283.016066011865
0.0               4.335             0.0               280.809740924213
0.0               4.37              0.0               278.603415836561
0.0               4.405             0.0               276.39709074891
0.0               4.44              0.0               274.407631146237
0.0               4.475             0.0               272.451994600855
0.0               4.51              0.0               270.496358055473
0.0               4.545             0.0               268.540721510091
0.0               4.58              0.0               266.585084964709
0.0               4.615             0.0               264.707462319436
0.0               4.65              0.0               262.994535685504
0.0               4.685             0.0               261.281609051571
0.0               4.72              0.0               259.568682417639
0.0               4.755             0.0               257.855755783706
0.0               4.79              0.0               256.142829149774
0.0               4.825             0.0               254.592814054185
0.0               4.86              0.0               253.089345112408
0.0               4.895             0.0               251.585876170632
0.0               4.93              0.0               250.082407228855
0.0               4.965             0.0               248.578938287079
0.0               5.0               0.0               247.142521781348
