0.0               1.5               0.0               543.398713283278
0.0               1.535             0.0               524.617339107594
0.0               1.57              0.0               505.83596493191
0.0               1.605             0.0               487.054590756227
0.0               1.64              0.0               468.273216580543
0.0               1.675             0.0               449.491842404859
0.0               1.71              0.0               435.045802540357
0.0               1.745             0.0               425.368630418155
0.0               1.78              0.0               415.691458295952
0.0               1.815             0.0               406.01428617375
0.0               1.85              0.0               396.337114051547
0.0               1.885             0.0               386.659941929345
0.0               1.92              0.0               381.032292330904
0.0               1.955             0.0               375.697586915033
0.0               1.99              0.0               370.362881499161
0.0               2.025             0.0               365.02817608329
0.0               2.06              0.0               359.693470667419
0.0               2.095             0.0               355.209477236045
0.0               2.13              0.0               352.062316923166
0.0               2.165             0.0               348.915156610287
0.0               2.2               0.0               345.767996297408
0.0               2.235             0.0               342.62083598453
0.0               2.27              0.0               339.473675671651
0.0               2.305             0.0               337.425793216932
0.0               2.34              0.0               335.579186989763
0.0               2.375             0.0               333.732580762595
0.0               2.41              0.0               331.885974535426
0.0               2.445             0.0               330.039368308257
0.0               2.48              0.0               328.304261673978
0.0               2.515             0.0               326.827364623233
0.0               2.55              0.0               325.350467572487
0.0               2.585             0.0               323.873570521741
0.0               2.62              0.0               322.396673470995
0.0               2.655             0.0               320.91977642025
0.0               2.69              0.0               319.48004286987
0.0               2.725             0.0               318.052178290812
0.0               2.76              0.0               316.624313711754
0.0               2.795             0.0               315.196449132695
0.0               2.83              0.0               313.768584553637
0.0               2.865             0.0               312.323274809252
0.0               2.9               0.0               310.81399945867
0.0               2.935             0.0               309.304724108088
0.0               2.97              0.0               307.795448757506
0.0               3.005             0.0               306.286173406924
0.0               3.04              0.0               304.776898056342
0.0               3.075             0.0               303.201507470307
0.0               3.11              0.0               301.593646088163
0.0               3.145             0.0               299.985784706018
0.0               3.18              0.0               298.377923323874
0.0               3.215             0.0               296.77006194173
0.0               3.25              0.0               295.154017096928
0.0               3.285             0.0               293.481710946354
0.0               3.32              0.0               291.80940479578
0.0               3.355             0.0               290.137098645206
0.0               3.39              0.0               288.464792494632
0.0               3.425             0.0               286.792486344058
0.0               3.46              0.0               285.170470063514
0.0               3.495             0.0               283.584375118705
0.0               3.53              0.0               281.998280173896
0.0               3.565             0.0               280.412185229088
0.0               3.6               0.0               278.826090284279
0.0               3.635             0.0               277.230306243546
0.0               3.67              0.0               275.400046081438
0.0               3.705             0.0               273.569785919329
0.0               3.74              0.0               271.73952575722
0.0               3.775             0.0               269.909265595112
0.0               3.81              0.0               268.079005433003
0.0               3.845             0.0               266.460086593038
0.0               3.88              0.0               265.055890536369
0.0               3.915             0.0               263.651694479701
0.0               3.95              0.0               262.247498423033
0.0               3.985             0.0               260.843302366364
0.0               4.02              0.0               259.439106309696
0.0               4.055             0.0               257.893788997098
0.0               4.09              0.0               256.341415621703
0.0               4.125             0.0               254.789042246308
0.0               4.16              0.0               253.236668870913
0.0               4.195             0.0               251.684295495518
0.0               4.23              0.0               250.199689727633
0.0               4.265             0.0               248.813116712359
0.0               4.3               0.0               247.426543697085
0.0               4.335             0.0               246.03997068181
0.0               4.37              0.0               244.653397666536
0.0               4.405             0.0               243.266824651262
0.0               4.44              0.0               241.936791470314
0.0               4.475             0.0               240.615576428666
0.0               4.51              0.0               239.294361387017
0.0               4.545             0.0               237.973146345368
0.0               4.58              0.0               236.651931303719
0.0               4.615             0.0               235.406844276227
0.0               4.65              0.0               234.322471945289
0.0               4.685             0.0               233.23809961435
0.0               4.72              0.0               232.153727283412
0.0               4.755             0.0               231.069354952473
0.0               4.79              0.0               229.984982621535
0.0               4.825             0.0               228.983960561332
0.0               4.86              0.0               228.006752864195
0.0               4.895             0.0               227.029545167059
0.0               4.93              0.0               226.052337469923
0.0               4.965             0.0               225.075129772786
0.0               5.0               0.0               224.12356368047
