350.000	-151.000	4.000
-1752.000	413.000	8.000
7523.000	4058.000	12.000
8994.000	-12198.000	16.000
-8655.000	8297.000	20.000
26615.000	-2674.000	24.000
1339.000	-2866.000	28.000
10472.000	14910.000	32.000
11722.000	14292.000	36.000
-24969.000	-26308.000	40.000
-71125.000	-106936.000	44.000
-100012.000	-129185.000	48.000
-103489.000	-142791.000	52.000
-78707.000	-134848.000	56.000
-88278.000	-117723.000	60.000
-53.000	-101.000	64.000
123.000	228.000	68.000
-387.000	-1257.000	72.000
290.000	6225.000	76.000
2835.000	-82.000	80.000
-16423.000	8082.000	84.000
-14456.000	4122.000	88.000
9705.000	4294.000	92.000
-14627.000	22938.000	96.000
-9096.000	68922.000	100.000
-54501.000	110862.000	104.000
-114251.000	185027.000	108.000
-222088.000	178909.000	112.000
-303566.000	149721.000	116.000
-311612.000	23803.000	120.000
-252125.000	-53766.000	124.000
67.000	17.000	128.000
-445.000	-36.000	132.000
1795.000	-103.000	136.000
-14818.000	1684.000	140.000
-7006.000	-14325.000	144.000
9281.000	-27260.000	148.000
4457.000	-9941.000	152.000
-15895.000	2092.000	156.000
-13691.000	-13696.000	160.000
-48557.000	-24695.000	164.000
-81506.000	-54448.000	168.000
-54408.000	-62567.000	172.000
-105718.000	-61302.000	176.000
-87024.000	-53291.000	180.000
-87218.000	-74018.000	184.000
-67793.000	-35632.000	188.000
26.000	-64.000	192.000
-20.000	645.000	196.000
572.000	-2878.000	200.000
-1336.000	19669.000	204.000
-427.000	6672.000	208.000
-4286.000	21371.000	212.000
-8083.000	19586.000	216.000
4957.000	1342.000	220.000
-6870.000	14362.000	224.000
-35235.000	38881.000	228.000
-26644.000	79005.000	232.000
-72917.000	100959.000	236.000
-175806.000	123690.000	240.000
-205414.000	118939.000	244.000
-202030.000	59040.000	248.000
-165775.000	-4961.000	252.000
-165.000	-27.000	256.000
527.000	-161.000	260.000
-2525.000	301.000	264.000
12881.000	-2633.000	268.000
-15430.000	11544.000	272.000
842.000	7943.000	276.000
12370.000	-8769.000	280.000
-4048.000	21322.000	284.000
-3309.000	22683.000	288.000
-46794.000	4937.000	292.000
-76384.000	-16889.000	296.000
-89407.000	-35712.000	300.000
-116240.000	-37523.000	304.000
-101180.000	-55821.000	308.000
-72219.000	-81464.000	312.000
-53401.000	-62881.000	316.000
0.000	198.000	320.000
-37.000	-812.000	324.000
-185.000	3617.000	328.000
-184.000	-20901.000	332.000
-1237.000	-21531.000	336.000
-1818.000	13757.000	340.000
-2546.000	-8805.000	344.000
1212.000	10858.000	348.000
17988.000	18253.000	352.000
-2186.000	48778.000	356.000
-21631.000	82686.000	360.000
-46464.000	70986.000	364.000
-108215.000	85380.000	368.000
-138629.000	79214.000	372.000
-156037.000	43163.000	376.000
-130777.000	-33481.000	380.000
39.000	83.000	384.000
-166.000	-91.000	388.000
215.000	595.000	392.000
-3446.000	-1361.000	396.000
-12180.000	-11087.000	400.000
-14799.000	-7839.000	404.000
9646.000	-9693.000	408.000
3248.000	25935.000	412.000
-6104.000	36568.000	416.000
-27791.000	43051.000	420.000
-54948.000	40183.000	424.000
-101194.000	850.000	428.000
-112129.000	-21005.000	432.000
-95129.000	-28278.000	436.000
-63449.000	-51303.000	440.000
-17887.000	-22348.000	444.000
-73.000	-76.000	448.000
240.000	51.000	452.000
-1356.000	-193.000	456.000
9220.000	-1462.000	460.000
29183.000	9003.000	464.000
27604.000	-33405.000	468.000
34934.000	-24363.000	472.000
12522.000	10727.000	476.000
2542.000	-15153.000	480.000
-2505.000	26118.000	484.000
16260.000	46996.000	488.000
-32252.000	66229.000	492.000
-93198.000	55833.000	496.000
-123487.000	42535.000	500.000
-123358.000	9825.000	504.000
-88357.000	-7350.000	508.000
-75.000	18.000	512.000
89.000	-396.000	516.000
-578.000	1717.000	520.000
3775.000	-7352.000	524.000
9871.000	-17595.000	528.000
7964.000	-5536.000	532.000
21684.000	-23072.000	536.000
5114.000	-5080.000	540.000
12105.000	22050.000	544.000
-13182.000	33610.000	548.000
-45188.000	17416.000	552.000
-85935.000	22917.000	556.000
-143329.000	5334.000	560.000
-101752.000	-25650.000	564.000
-56835.000	-58042.000	568.000
-34861.000	-29809.000	572.000
32.000	-46.000	576.000
-719.000	573.000	580.000
2850.000	-2120.000	584.000
-16547.000	14539.000	588.000
-14738.000	18925.000	592.000
4136.000	14269.000	596.000
16510.000	-14962.000	600.000
-29455.000	14271.000	604.000
16274.000	8493.000	608.000
9388.000	-3964.000	612.000
-13727.000	8449.000	616.000
-44870.000	42499.000	620.000
-72402.000	36467.000	624.000
-107614.000	68407.000	628.000
-101152.000	155.000	632.000
-88934.000	-16994.000	636.000
-41.000	-61.000	640.000
376.000	309.000	644.000
-1698.000	-1383.000	648.000
10863.000	5525.000	652.000
10452.000	-16862.000	656.000
-1124.000	-21062.000	660.000
18871.000	-11832.000	664.000
5150.000	-5464.000	668.000
17785.000	21789.000	672.000
-15076.000	37189.000	676.000
-23282.000	41922.000	680.000
-60797.000	48353.000	684.000
-116329.000	16744.000	688.000
-97935.000	3109.000	692.000
-82441.000	-13920.000	696.000
-56232.000	-4033.000	700.000
-79.000	-61.000	704.000
404.000	514.000	708.000
-1865.000	-2118.000	712.000
15865.000	16476.000	716.000
18217.000	16311.000	720.000
8193.000	13089.000	724.000
10454.000	-11610.000	728.000
13303.000	-26798.000	732.000
15921.000	-21023.000	736.000
19217.000	22788.000	740.000
-9409.000	25378.000	744.000
-37851.000	31771.000	748.000
-71949.000	32171.000	752.000
-85560.000	-13201.000	756.000
-71985.000	-11245.000	760.000
-71237.000	-26427.000	764.000
95.000	-125.000	768.000
-473.000	340.000	772.000
2330.000	-1701.000	776.000
-9979.000	7283.000	780.000
-15355.000	-3334.000	784.000
34908.000	-22215.000	788.000
-11101.000	11262.000	792.000
32258.000	20950.000	796.000
23558.000	32119.000	800.000
29036.000	34380.000	804.000
-19813.000	29489.000	808.000
-45773.000	32077.000	812.000
-95081.000	18583.000	816.000
-79544.000	1143.000	820.000
-81670.000	-24050.000	824.000
-60392.000	-20158.000	828.000
-33.000	34.000	832.000
356.000	164.000	836.000
-1536.000	-549.000	840.000
10599.000	4246.000	844.000
8675.000	4547.000	848.000
-4255.000	-15930.000	852.000
-13125.000	-2551.000	856.000
1186.000	-16601.000	860.000
13008.000	-16697.000	864.000
9215.000	20464.000	868.000
-15920.000	7382.000	872.000
-40701.000	28419.000	876.000
-70848.000	33871.000	880.000
-62430.000	21111.000	884.000
-63280.000	-166.000	888.000
-49463.000	-14420.000	892.000
-29.000	55.000	896.000
57.000	-507.000	900.000
-397.000	2766.000	904.000
5966.000	-9628.000	908.000
-25169.000	-6142.000	912.000
-22027.000	-20069.000	916.000
-15182.000	-25567.000	920.000
22409.000	-6458.000	924.000
13119.000	6031.000	928.000
-26.000	-9968.000	932.000
465.000	41297.000	936.000
-53380.000	14168.000	940.000
-76176.000	7631.000	944.000
-59608.000	8936.000	948.000
-62216.000	9838.000	952.000
-65085.000	-13119.000	956.000
16.000	52.000	960.000
99.000	-99.000	964.000
-338.000	429.000	968.000
2777.000	-2068.000	972.000
-3576.000	-14186.000	976.000
2947.000	-2413.000	980.000
-4520.000	-8082.000	984.000
-4347.000	14906.000	988.000
-7222.000	-4448.000	992.000
-17135.000	10379.000	996.000
-19216.000	12218.000	1000.000
-32668.000	31837.000	1004.000
-74181.000	27061.000	1008.000
-67191.000	28023.000	1012.000
-60965.000	9715.000	1016.000
-52545.000	5709.000	1020.000
56.000	7.000	1024.000
-49.000	-171.000	1028.000
361.000	821.000	1032.000
600.000	-6914.000	1036.000
-9715.000	-643.000	1040.000
-7645.000	-263.000	1044.000
-1178.000	636.000	1048.000
2963.000	-3635.000	1052.000
16978.000	15368.000	1056.000
-10569.000	8231.000	1060.000
-37296.000	10986.000	1064.000
-36803.000	46912.000	1068.000
-57681.000	25760.000	1072.000
-62824.000	-8044.000	1076.000
-53065.000	-9308.000	1080.000
-33042.000	-7121.000	1084.000
-87.000	-129.000	1088.000
194.000	593.000	1092.000
-1058.000	-2509.000	1096.000
7076.000	16939.000	1100.000
1386.000	29346.000	1104.000
2802.000	5433.000	1108.000
-3768.000	-2609.000	1112.000
-24977.000	-11538.000	1116.000
-287.000	-9011.000	1120.000
-1313.000	12261.000	1124.000
3309.000	14226.000	1128.000
-14875.000	-5803.000	1132.000
-68310.000	31628.000	1136.000
-55060.000	-7064.000	1140.000
-59837.000	10244.000	1144.000
-34005.000	-14896.000	1148.000
-12.000	-4.000	1152.000
227.000	167.000	1156.000
-1242.000	-556.000	1160.000
11188.000	9093.000	1164.000
-17306.000	2823.000	1168.000
-6833.000	14488.000	1172.000
11527.000	-5126.000	1176.000
-9649.000	14300.000	1180.000
-4727.000	10797.000	1184.000
6642.000	22347.000	1188.000
861.000	3913.000	1192.000
-35111.000	12785.000	1196.000
-59464.000	39399.000	1200.000
-43082.000	-409.000	1204.000
-59067.000	-16708.000	1208.000
-37258.000	-16933.000	1212.000
-28.000	-161.000	1216.000
-147.000	506.000	1220.000
315.000	-2173.000	1224.000
-3648.000	9360.000	1228.000
-10829.000	20465.000	1232.000
-14071.000	5669.000	1236.000
7280.000	3600.000	1240.000
-4868.000	18369.000	1244.000
33251.000	-3891.000	1248.000
5600.000	11218.000	1252.000
-26948.000	20864.000	1256.000
-33593.000	4122.000	1260.000
-49816.000	13908.000	1264.000
-68620.000	2353.000	1268.000
-77812.000	-4668.000	1272.000
-32927.000	2857.000	1276.000
-46.000	-98.000	1280.000
-110.000	-22.000	1284.000
539.000	350.000	1288.000
-4226.000	-419.000	1292.000
-5051.000	-4848.000	1296.000
-3328.000	4619.000	1300.000
-9496.000	-10709.000	1304.000
-10137.000	-10783.000	1308.000
-2800.000	-6527.000	1312.000
4556.000	7367.000	1316.000
1310.000	10353.000	1320.000
-55617.000	16895.000	1324.000
-60206.000	15530.000	1328.000
-61421.000	9677.000	1332.000
-58046.000	-21525.000	1336.000
-20803.000	4092.000	1340.000
-8.000	137.000	1344.000
-119.000	-442.000	1348.000
427.000	1934.000	1352.000
-1654.000	-6253.000	1356.000
6185.000	-356.000	1360.000
11201.000	10275.000	1364.000
15376.000	475.000	1368.000
-3391.000	-19726.000	1372.000
4084.000	-4344.000	1376.000
3669.000	7198.000	1380.000
-26826.000	29655.000	1384.000
-38793.000	19883.000	1388.000
-44907.000	20239.000	1392.000
-42862.000	-13492.000	1396.000
-48632.000	12231.000	1400.000
-25463.000	-29485.000	1404.000
-5.000	-33.000	1408.000
16.000	80.000	1412.000
-466.000	-413.000	1416.000
2905.000	-4859.000	1420.000
13030.000	14445.000	1424.000
3940.000	-206.000	1428.000
-445.000	3897.000	1432.000
-7031.000	-9161.000	1436.000
5727.000	-1242.000	1440.000
-6268.000	17707.000	1444.000
1361.000	36341.000	1448.000
556.000	20562.000	1452.000
-37285.000	24621.000	1456.000
-44833.000	27829.000	1460.000
-41672.000	12153.000	1464.000
-51635.000	-11408.000	1468.000
34.000	-14.000	1472.000
126.000	-145.000	1476.000
-652.000	348.000	1480.000
6232.000	-2959.000	1484.000
8399.000	7793.000	1488.000
-13404.000	-66.000	1492.000
-12103.000	-3009.000	1496.000
14906.000	-21037.000	1500.000
7222.000	11743.000	1504.000
1555.000	29851.000	1508.000
-8734.000	13370.000	1512.000
-33292.000	4648.000	1516.000
-40214.000	22673.000	1520.000
-51119.000	24645.000	1524.000
-51761.000	-128.000	1528.000
-50611.000	-17489.000	1532.000
-67.000	-105.000	1536.000
5.000	116.000	1540.000
313.000	-317.000	1544.000
-1260.000	2610.000	1548.000
11558.000	6289.000	1552.000
12582.000	26463.000	1556.000
-14862.000	914.000	1560.000
4622.000	-5905.000	1564.000
11084.000	20399.000	1568.000
7679.000	15046.000	1572.000
-999.000	35640.000	1576.000
-21366.000	17077.000	1580.000
-33156.000	32039.000	1584.000
-30043.000	4894.000	1588.000
-37707.000	-14617.000	1592.000
-37671.000	-7653.000	1596.000
-19.000	-122.000	1600.000
312.000	310.000	1604.000
-986.000	-861.000	1608.000
5368.000	4556.000	1612.000
1911.000	1993.000	1616.000
-2540.000	2114.000	1620.000
12628.000	12526.000	1624.000
15065.000	-5916.000	1628.000
5685.000	-16226.000	1632.000
-3115.000	-4173.000	1636.000
-15035.000	-2972.000	1640.000
-24394.000	16653.000	1644.000
-27589.000	22648.000	1648.000
-34779.000	17614.000	1652.000
-55784.000	6754.000	1656.000
-39911.000	-17577.000	1660.000
22.000	24.000	1664.000
62.000	116.000	1668.000
12.000	-300.000	1672.000
-2359.000	3181.000	1676.000
-15854.000	-13729.000	1680.000
-6242.000	1288.000	1684.000
-15429.000	-14220.000	1688.000
14978.000	12359.000	1692.000
36470.000	-2183.000	1696.000
6175.000	22163.000	1700.000
-16724.000	7081.000	1704.000
-28162.000	22093.000	1708.000
-47370.000	37237.000	1712.000
-15074.000	29422.000	1716.000
-49910.000	7268.000	1720.000
-12578.000	-18896.000	1724.000
-22.000	86.000	1728.000
171.000	-95.000	1732.000
-430.000	465.000	1736.000
2859.000	-9492.000	1740.000
-1910.000	-7519.000	1744.000
-16019.000	-4910.000	1748.000
-5270.000	-24548.000	1752.000
-785.000	-19306.000	1756.000
8896.000	7307.000	1760.000
-9404.000	10118.000	1764.000
-6447.000	2307.000	1768.000
-9156.000	20099.000	1772.000
-23916.000	29876.000	1776.000
-39129.000	5340.000	1780.000
-41350.000	-26420.000	1784.000
-35003.000	-14447.000	1788.000
52.000	88.000	1792.000
166.000	-40.000	1796.000
-860.000	170.000	1800.000
9447.000	270.000	1804.000
-15707.000	-13187.000	1808.000
-20429.000	3255.000	1812.000
-20074.000	12483.000	1816.000
-1768.000	-5787.000	1820.000
21091.000	-11603.000	1824.000
-16447.000	20609.000	1828.000
-16087.000	9890.000	1832.000
-10922.000	28440.000	1836.000
-26621.000	36948.000	1840.000
-10372.000	14788.000	1844.000
-50542.000	-14986.000	1848.000
-8582.000	-4243.000	1852.000
70.000	-14.000	1856.000
56.000	329.000	1860.000
-261.000	-1435.000	1864.000
737.000	5085.000	1868.000
-6197.000	10392.000	1872.000
-11976.000	-4297.000	1876.000
13392.000	-11397.000	1880.000
20420.000	13279.000	1884.000
7897.000	24695.000	1888.000
1135.000	7247.000	1892.000
15009.000	19550.000	1896.000
4821.000	7071.000	1900.000
-36211.000	13858.000	1904.000
-45629.000	9648.000	1908.000
-36678.000	6772.000	1912.000
-36573.000	10200.000	1916.000
-46.000	-2.000	1920.000
72.000	-1.000	1924.000
-374.000	117.000	1928.000
8862.000	2506.000	1932.000
-17121.000	2749.000	1936.000
-25169.000	16063.000	1940.000
-16047.000	-9353.000	1944.000
23895.000	1065.000	1948.000
-8508.000	8754.000	1952.000
12296.000	14202.000	1956.000
3414.000	2608.000	1960.000
-20267.000	16988.000	1964.000
-26115.000	6504.000	1968.000
-38741.000	19232.000	1972.000
-21326.000	-8298.000	1976.000
-12925.000	-8771.000	1980.000
130.000	68.000	1984.000
-712.000	-112.000	1988.000
2854.000	403.000	1992.000
-17478.000	1098.000	1996.000
-36738.000	-29952.000	2000.000
-10267.000	6453.000	2004.000
-3432.000	3205.000	2008.000
3850.000	-10472.000	2012.000
30957.000	13852.000	2016.000
3615.000	15870.000	2020.000
10144.000	28000.000	2024.000
-8081.000	17661.000	2028.000
-27561.000	9908.000	2032.000
-44805.000	-9941.000	2036.000
-31205.000	-10667.000	2040.000
-10937.000	-2035.000	2044.000
